PROYECTO:TESIS-ESCALAMIENTO_DE_SEÑALES_SISMICAS_EN_MUELLES
AUTOR: ING. JUAN CARLOS PANTOJA
ARCHIVO: MUELLE 2:1 - 630m
DESCRIPCIÓN NODOS: Division Pile_[1 1 1 1 1], 3 CG x_6 EJES;_6448_K126-1x_6 EJES;_4836_K126-2x_6 EJES;_6448_K126-3x_6 EJES;_16120_K246-1x_6 EJES;_3868_K390-1x_6 EJES;_
RECUENTO ELEMENTOS CONEXION: 806 ELTOS
MÉTODO DE IMPORTACIÓN: PILOTE_A (7-241), PILOTE_B (248-81), PILOTE_C (329-81), PILOTE_D (410-81), PILOTE_E (491-81), PILOTE_F (572-241)

0,0,-0.25,0,0,1.75,2,0
2.5,0,-0.25,2.5,0,1.75,2,0
5,0,-0.25,5,0,1.75,2,0
7.5,0,-0.25,7.5,0,1.75,2,0
10,0,-0.25,10,0,1.75,2,0
12.5,0,-0.25,12.5,0,1.75,2,0
15,0,-0.25,15,0,1.75,2,0
17.5,0,-0.25,17.5,0,1.75,2,0
20,0,-0.25,20,0,1.75,2,0
22.5,0,-0.25,22.5,0,1.75,2,0
25,0,-0.25,25,0,1.75,2,0
27.5,0,-0.25,27.5,0,1.75,2,0
30,0,-0.25,30,0,1.75,2,0
32.5,0,-0.25,32.5,0,1.75,2,0
35,0,-0.25,35,0,1.75,2,0
37.5,0,-0.25,37.5,0,1.75,2,0
40,0,-0.25,40,0,1.75,2,0
42.5,0,-0.25,42.5,0,1.75,2,0
45,0,-0.25,45,0,1.75,2,0
47.5,0,-0.25,47.5,0,1.75,2,0
50,0,-0.25,50,0,1.75,2,0
52.5,0,-0.25,52.5,0,1.75,2,0
55,0,-0.25,55,0,1.75,2,0
57.5,0,-0.25,57.5,0,1.75,2,0
60,0,-0.25,60,0,1.75,2,0
62.5,0,-0.25,62.5,0,1.75,2,0
65,0,-0.25,65,0,1.75,2,0
67.5,0,-0.25,67.5,0,1.75,2,0
70,0,-0.25,70,0,1.75,2,0
72.5,0,-0.25,72.5,0,1.75,2,0
75,0,-0.25,75,0,1.75,2,0
77.5,0,-0.25,77.5,0,1.75,2,0
80,0,-0.25,80,0,1.75,2,0
82.5,0,-0.25,82.5,0,1.75,2,0
85,0,-0.25,85,0,1.75,2,0
87.5,0,-0.25,87.5,0,1.75,2,0
90,0,-0.25,90,0,1.75,2,0
92.5,0,-0.25,92.5,0,1.75,2,0
95,0,-0.25,95,0,1.75,2,0
97.5,0,-0.25,97.5,0,1.75,2,0
100,0,-0.25,100,0,1.75,2,0
102.5,0,-0.25,102.5,0,1.75,2,0
105,0,-0.25,105,0,1.75,2,0
107.5,0,-0.25,107.5,0,1.75,2,0
110,0,-0.25,110,0,1.75,2,0
112.5,0,-0.25,112.5,0,1.75,2,0
115,0,-0.25,115,0,1.75,2,0
117.5,0,-0.25,117.5,0,1.75,2,0
120,0,-0.25,120,0,1.75,2,0
122.5,0,-0.25,122.5,0,1.75,2,0
125,0,-0.25,125,0,1.75,2,0
127.5,0,-0.25,127.5,0,1.75,2,0
130,0,-0.25,130,0,1.75,2,0
132.5,0,-0.25,132.5,0,1.75,2,0
135,0,-0.25,135,0,1.75,2,0
137.5,0,-0.25,137.5,0,1.75,2,0
140,0,-0.25,140,0,1.75,2,0
142.5,0,-0.25,142.5,0,1.75,2,0
145,0,-0.25,145,0,1.75,2,0
147.5,0,-0.25,147.5,0,1.75,2,0
150,0,-0.25,150,0,1.75,2,0
152.5,0,-0.25,152.5,0,1.75,2,0
155,0,-0.25,155,0,1.75,2,0
157.5,0,-0.25,157.5,0,1.75,2,0
160,0,-0.25,160,0,1.75,2,0
162.5,0,-0.25,162.5,0,1.75,2,0
165,0,-0.25,165,0,1.75,2,0
167.5,0,-0.25,167.5,0,1.75,2,0
170,0,-0.25,170,0,1.75,2,0
172.5,0,-0.25,172.5,0,1.75,2,0
175,0,-0.25,175,0,1.75,2,0
177.5,0,-0.25,177.5,0,1.75,2,0
180,0,-0.25,180,0,1.75,2,0
182.5,0,-0.25,182.5,0,1.75,2,0
185,0,-0.25,185,0,1.75,2,0
187.5,0,-0.25,187.5,0,1.75,2,0
190,0,-0.25,190,0,1.75,2,0
192.5,0,-0.25,192.5,0,1.75,2,0
195,0,-0.25,195,0,1.75,2,0
197.5,0,-0.25,197.5,0,1.75,2,0
200,0,-0.25,200,0,1.75,2,0
202.5,0,-0.25,202.5,0,1.75,2,0
205,0,-0.25,205,0,1.75,2,0
207.5,0,-0.25,207.5,0,1.75,2,0
210,0,-0.25,210,0,1.75,2,0
212.5,0,-0.25,212.5,0,1.75,2,0
215,0,-0.25,215,0,1.75,2,0
217.5,0,-0.25,217.5,0,1.75,2,0
220,0,-0.25,220,0,1.75,2,0
222.5,0,-0.25,222.5,0,1.75,2,0
225,0,-0.25,225,0,1.75,2,0
227.5,0,-0.25,227.5,0,1.75,2,0
230,0,-0.25,230,0,1.75,2,0
232.5,0,-0.25,232.5,0,1.75,2,0
235,0,-0.25,235,0,1.75,2,0
237.5,0,-0.25,237.5,0,1.75,2,0
240,0,-0.25,240,0,1.75,2,0
242.5,0,-0.25,242.5,0,1.75,2,0
245,0,-0.25,245,0,1.75,2,0
247.5,0,-0.25,247.5,0,1.75,2,0
250,0,-0.25,250,0,1.75,2,0
252.5,0,-0.25,252.5,0,1.75,2,0
255,0,-0.25,255,0,1.75,2,0
257.5,0,-0.25,257.5,0,1.75,2,0
260,0,-0.25,260,0,1.75,2,0
262.5,0,-0.25,262.5,0,1.75,2,0
265,0,-0.25,265,0,1.75,2,0
267.5,0,-0.25,267.5,0,1.75,2,0
270,0,-0.25,270,0,1.75,2,0
272.5,0,-0.25,272.5,0,1.75,2,0
275,0,-0.25,275,0,1.75,2,0
277.5,0,-0.25,277.5,0,1.75,2,0
280,0,-0.25,280,0,1.75,2,0
282.5,0,-0.25,282.5,0,1.75,2,0
285,0,-0.25,285,0,1.75,2,0
287.5,0,-0.25,287.5,0,1.75,2,0
290,0,-0.25,290,0,1.75,2,0
292.5,0,-0.25,292.5,0,1.75,2,0
295,0,-0.25,295,0,1.75,2,0
297.5,0,-0.25,297.5,0,1.75,2,0
300,0,-0.25,300,0,1.75,2,0
302.5,0,-0.25,302.5,0,1.75,2,0
305,0,-0.25,305,0,1.75,2,0
307.5,0,-0.25,307.5,0,1.75,2,0
310,0,-0.25,310,0,1.75,2,0
312.5,0,-0.25,312.5,0,1.75,2,0
315,0,-0.25,315,0,1.75,2,0
317.5,0,-0.25,317.5,0,1.75,2,0
320,0,-0.25,320,0,1.75,2,0
322.5,0,-0.25,322.5,0,1.75,2,0
325,0,-0.25,325,0,1.75,2,0
327.5,0,-0.25,327.5,0,1.75,2,0
330,0,-0.25,330,0,1.75,2,0
332.5,0,-0.25,332.5,0,1.75,2,0
335,0,-0.25,335,0,1.75,2,0
337.5,0,-0.25,337.5,0,1.75,2,0
340,0,-0.25,340,0,1.75,2,0
342.5,0,-0.25,342.5,0,1.75,2,0
345,0,-0.25,345,0,1.75,2,0
347.5,0,-0.25,347.5,0,1.75,2,0
350,0,-0.25,350,0,1.75,2,0
352.5,0,-0.25,352.5,0,1.75,2,0
355,0,-0.25,355,0,1.75,2,0
357.5,0,-0.25,357.5,0,1.75,2,0
360,0,-0.25,360,0,1.75,2,0
362.5,0,-0.25,362.5,0,1.75,2,0
365,0,-0.25,365,0,1.75,2,0
367.5,0,-0.25,367.5,0,1.75,2,0
370,0,-0.25,370,0,1.75,2,0
372.5,0,-0.25,372.5,0,1.75,2,0
375,0,-0.25,375,0,1.75,2,0
377.5,0,-0.25,377.5,0,1.75,2,0
380,0,-0.25,380,0,1.75,2,0
382.5,0,-0.25,382.5,0,1.75,2,0
385,0,-0.25,385,0,1.75,2,0
387.5,0,-0.25,387.5,0,1.75,2,0
390,0,-0.25,390,0,1.75,2,0
392.5,0,-0.25,392.5,0,1.75,2,0
395,0,-0.25,395,0,1.75,2,0
397.5,0,-0.25,397.5,0,1.75,2,0
400,0,-0.25,400,0,1.75,2,0
402.5,0,-0.25,402.5,0,1.75,2,0
405,0,-0.25,405,0,1.75,2,0
407.5,0,-0.25,407.5,0,1.75,2,0
410,0,-0.25,410,0,1.75,2,0
412.5,0,-0.25,412.5,0,1.75,2,0
415,0,-0.25,415,0,1.75,2,0
417.5,0,-0.25,417.5,0,1.75,2,0
420,0,-0.25,420,0,1.75,2,0
422.5,0,-0.25,422.5,0,1.75,2,0
425,0,-0.25,425,0,1.75,2,0
427.5,0,-0.25,427.5,0,1.75,2,0
430,0,-0.25,430,0,1.75,2,0
432.5,0,-0.25,432.5,0,1.75,2,0
435,0,-0.25,435,0,1.75,2,0
437.5,0,-0.25,437.5,0,1.75,2,0
440,0,-0.25,440,0,1.75,2,0
442.5,0,-0.25,442.5,0,1.75,2,0
445,0,-0.25,445,0,1.75,2,0
447.5,0,-0.25,447.5,0,1.75,2,0
450,0,-0.25,450,0,1.75,2,0
452.5,0,-0.25,452.5,0,1.75,2,0
455,0,-0.25,455,0,1.75,2,0
457.5,0,-0.25,457.5,0,1.75,2,0
460,0,-0.25,460,0,1.75,2,0
462.5,0,-0.25,462.5,0,1.75,2,0
465,0,-0.25,465,0,1.75,2,0
467.5,0,-0.25,467.5,0,1.75,2,0
470,0,-0.25,470,0,1.75,2,0
472.5,0,-0.25,472.5,0,1.75,2,0
475,0,-0.25,475,0,1.75,2,0
477.5,0,-0.25,477.5,0,1.75,2,0
480,0,-0.25,480,0,1.75,2,0
482.5,0,-0.25,482.5,0,1.75,2,0
485,0,-0.25,485,0,1.75,2,0
487.5,0,-0.25,487.5,0,1.75,2,0
490,0,-0.25,490,0,1.75,2,0
492.5,0,-0.25,492.5,0,1.75,2,0
495,0,-0.25,495,0,1.75,2,0
497.5,0,-0.25,497.5,0,1.75,2,0
500,0,-0.25,500,0,1.75,2,0
502.5,0,-0.25,502.5,0,1.75,2,0
505,0,-0.25,505,0,1.75,2,0
507.5,0,-0.25,507.5,0,1.75,2,0
510,0,-0.25,510,0,1.75,2,0
512.5,0,-0.25,512.5,0,1.75,2,0
515,0,-0.25,515,0,1.75,2,0
517.5,0,-0.25,517.5,0,1.75,2,0
520,0,-0.25,520,0,1.75,2,0
522.5,0,-0.25,522.5,0,1.75,2,0
525,0,-0.25,525,0,1.75,2,0
527.5,0,-0.25,527.5,0,1.75,2,0
530,0,-0.25,530,0,1.75,2,0
532.5,0,-0.25,532.5,0,1.75,2,0
535,0,-0.25,535,0,1.75,2,0
537.5,0,-0.25,537.5,0,1.75,2,0
540,0,-0.25,540,0,1.75,2,0
542.5,0,-0.25,542.5,0,1.75,2,0
545,0,-0.25,545,0,1.75,2,0
547.5,0,-0.25,547.5,0,1.75,2,0
550,0,-0.25,550,0,1.75,2,0
552.5,0,-0.25,552.5,0,1.75,2,0
555,0,-0.25,555,0,1.75,2,0
557.5,0,-0.25,557.5,0,1.75,2,0
560,0,-0.25,560,0,1.75,2,0
562.5,0,-0.25,562.5,0,1.75,2,0
565,0,-0.25,565,0,1.75,2,0
567.5,0,-0.25,567.5,0,1.75,2,0
570,0,-0.25,570,0,1.75,2,0
572.5,0,-0.25,572.5,0,1.75,2,0
575,0,-0.25,575,0,1.75,2,0
577.5,0,-0.25,577.5,0,1.75,2,0
580,0,-0.25,580,0,1.75,2,0
582.5,0,-0.25,582.5,0,1.75,2,0
585,0,-0.25,585,0,1.75,2,0
587.5,0,-0.25,587.5,0,1.75,2,0
590,0,-0.25,590,0,1.75,2,0
592.5,0,-0.25,592.5,0,1.75,2,0
595,0,-0.25,595,0,1.75,2,0
597.5,0,-0.25,597.5,0,1.75,2,0
600,0,-0.25,600,0,1.75,2,0
0,6.1,-0.25,0,6.1,1.75,2,0
7.5,6.1,-0.25,7.5,6.1,1.75,2,0
15,6.1,-0.25,15,6.1,1.75,2,0
22.5,6.1,-0.25,22.5,6.1,1.75,2,0
30,6.1,-0.25,30,6.1,1.75,2,0
37.5,6.1,-0.25,37.5,6.1,1.75,2,0
45,6.1,-0.25,45,6.1,1.75,2,0
52.5,6.1,-0.25,52.5,6.1,1.75,2,0
60,6.1,-0.25,60,6.1,1.75,2,0
67.5,6.1,-0.25,67.5,6.1,1.75,2,0
75,6.1,-0.25,75,6.1,1.75,2,0
82.5,6.1,-0.25,82.5,6.1,1.75,2,0
90,6.1,-0.25,90,6.1,1.75,2,0
97.5,6.1,-0.25,97.5,6.1,1.75,2,0
105,6.1,-0.25,105,6.1,1.75,2,0
112.5,6.1,-0.25,112.5,6.1,1.75,2,0
120,6.1,-0.25,120,6.1,1.75,2,0
127.5,6.1,-0.25,127.5,6.1,1.75,2,0
135,6.1,-0.25,135,6.1,1.75,2,0
142.5,6.1,-0.25,142.5,6.1,1.75,2,0
150,6.1,-0.25,150,6.1,1.75,2,0
157.5,6.1,-0.25,157.5,6.1,1.75,2,0
165,6.1,-0.25,165,6.1,1.75,2,0
172.5,6.1,-0.25,172.5,6.1,1.75,2,0
180,6.1,-0.25,180,6.1,1.75,2,0
187.5,6.1,-0.25,187.5,6.1,1.75,2,0
195,6.1,-0.25,195,6.1,1.75,2,0
202.5,6.1,-0.25,202.5,6.1,1.75,2,0
210,6.1,-0.25,210,6.1,1.75,2,0
217.5,6.1,-0.25,217.5,6.1,1.75,2,0
225,6.1,-0.25,225,6.1,1.75,2,0
232.5,6.1,-0.25,232.5,6.1,1.75,2,0
240,6.1,-0.25,240,6.1,1.75,2,0
247.5,6.1,-0.25,247.5,6.1,1.75,2,0
255,6.1,-0.25,255,6.1,1.75,2,0
262.5,6.1,-0.25,262.5,6.1,1.75,2,0
270,6.1,-0.25,270,6.1,1.75,2,0
277.5,6.1,-0.25,277.5,6.1,1.75,2,0
285,6.1,-0.25,285,6.1,1.75,2,0
292.5,6.1,-0.25,292.5,6.1,1.75,2,0
300,6.1,-0.25,300,6.1,1.75,2,0
307.5,6.1,-0.25,307.5,6.1,1.75,2,0
315,6.1,-0.25,315,6.1,1.75,2,0
322.5,6.1,-0.25,322.5,6.1,1.75,2,0
330,6.1,-0.25,330,6.1,1.75,2,0
337.5,6.1,-0.25,337.5,6.1,1.75,2,0
345,6.1,-0.25,345,6.1,1.75,2,0
352.5,6.1,-0.25,352.5,6.1,1.75,2,0
360,6.1,-0.25,360,6.1,1.75,2,0
367.5,6.1,-0.25,367.5,6.1,1.75,2,0
375,6.1,-0.25,375,6.1,1.75,2,0
382.5,6.1,-0.25,382.5,6.1,1.75,2,0
390,6.1,-0.25,390,6.1,1.75,2,0
397.5,6.1,-0.25,397.5,6.1,1.75,2,0
405,6.1,-0.25,405,6.1,1.75,2,0
412.5,6.1,-0.25,412.5,6.1,1.75,2,0
420,6.1,-0.25,420,6.1,1.75,2,0
427.5,6.1,-0.25,427.5,6.1,1.75,2,0
435,6.1,-0.25,435,6.1,1.75,2,0
442.5,6.1,-0.25,442.5,6.1,1.75,2,0
450,6.1,-0.25,450,6.1,1.75,2,0
457.5,6.1,-0.25,457.5,6.1,1.75,2,0
465,6.1,-0.25,465,6.1,1.75,2,0
472.5,6.1,-0.25,472.5,6.1,1.75,2,0
480,6.1,-0.25,480,6.1,1.75,2,0
487.5,6.1,-0.25,487.5,6.1,1.75,2,0
495,6.1,-0.25,495,6.1,1.75,2,0
502.5,6.1,-0.25,502.5,6.1,1.75,2,0
510,6.1,-0.25,510,6.1,1.75,2,0
517.5,6.1,-0.25,517.5,6.1,1.75,2,0
525,6.1,-0.25,525,6.1,1.75,2,0
532.5,6.1,-0.25,532.5,6.1,1.75,2,0
540,6.1,-0.25,540,6.1,1.75,2,0
547.5,6.1,-0.25,547.5,6.1,1.75,2,0
555,6.1,-0.25,555,6.1,1.75,2,0
562.5,6.1,-0.25,562.5,6.1,1.75,2,0
570,6.1,-0.25,570,6.1,1.75,2,0
577.5,6.1,-0.25,577.5,6.1,1.75,2,0
585,6.1,-0.25,585,6.1,1.75,2,0
592.5,6.1,-0.25,592.5,6.1,1.75,2,0
600,6.1,-0.25,600,6.1,1.75,2,0
0,12.2,-0.25,0,12.2,1.75,2,0
7.5,12.2,-0.25,7.5,12.2,1.75,2,0
15,12.2,-0.25,15,12.2,1.75,2,0
22.5,12.2,-0.25,22.5,12.2,1.75,2,0
30,12.2,-0.25,30,12.2,1.75,2,0
37.5,12.2,-0.25,37.5,12.2,1.75,2,0
45,12.2,-0.25,45,12.2,1.75,2,0
52.5,12.2,-0.25,52.5,12.2,1.75,2,0
60,12.2,-0.25,60,12.2,1.75,2,0
67.5,12.2,-0.25,67.5,12.2,1.75,2,0
75,12.2,-0.25,75,12.2,1.75,2,0
82.5,12.2,-0.25,82.5,12.2,1.75,2,0
90,12.2,-0.25,90,12.2,1.75,2,0
97.5,12.2,-0.25,97.5,12.2,1.75,2,0
105,12.2,-0.25,105,12.2,1.75,2,0
112.5,12.2,-0.25,112.5,12.2,1.75,2,0
120,12.2,-0.25,120,12.2,1.75,2,0
127.5,12.2,-0.25,127.5,12.2,1.75,2,0
135,12.2,-0.25,135,12.2,1.75,2,0
142.5,12.2,-0.25,142.5,12.2,1.75,2,0
150,12.2,-0.25,150,12.2,1.75,2,0
157.5,12.2,-0.25,157.5,12.2,1.75,2,0
165,12.2,-0.25,165,12.2,1.75,2,0
172.5,12.2,-0.25,172.5,12.2,1.75,2,0
180,12.2,-0.25,180,12.2,1.75,2,0
187.5,12.2,-0.25,187.5,12.2,1.75,2,0
195,12.2,-0.25,195,12.2,1.75,2,0
202.5,12.2,-0.25,202.5,12.2,1.75,2,0
210,12.2,-0.25,210,12.2,1.75,2,0
217.5,12.2,-0.25,217.5,12.2,1.75,2,0
225,12.2,-0.25,225,12.2,1.75,2,0
232.5,12.2,-0.25,232.5,12.2,1.75,2,0
240,12.2,-0.25,240,12.2,1.75,2,0
247.5,12.2,-0.25,247.5,12.2,1.75,2,0
255,12.2,-0.25,255,12.2,1.75,2,0
262.5,12.2,-0.25,262.5,12.2,1.75,2,0
270,12.2,-0.25,270,12.2,1.75,2,0
277.5,12.2,-0.25,277.5,12.2,1.75,2,0
285,12.2,-0.25,285,12.2,1.75,2,0
292.5,12.2,-0.25,292.5,12.2,1.75,2,0
300,12.2,-0.25,300,12.2,1.75,2,0
307.5,12.2,-0.25,307.5,12.2,1.75,2,0
315,12.2,-0.25,315,12.2,1.75,2,0
322.5,12.2,-0.25,322.5,12.2,1.75,2,0
330,12.2,-0.25,330,12.2,1.75,2,0
337.5,12.2,-0.25,337.5,12.2,1.75,2,0
345,12.2,-0.25,345,12.2,1.75,2,0
352.5,12.2,-0.25,352.5,12.2,1.75,2,0
360,12.2,-0.25,360,12.2,1.75,2,0
367.5,12.2,-0.25,367.5,12.2,1.75,2,0
375,12.2,-0.25,375,12.2,1.75,2,0
382.5,12.2,-0.25,382.5,12.2,1.75,2,0
390,12.2,-0.25,390,12.2,1.75,2,0
397.5,12.2,-0.25,397.5,12.2,1.75,2,0
405,12.2,-0.25,405,12.2,1.75,2,0
412.5,12.2,-0.25,412.5,12.2,1.75,2,0
420,12.2,-0.25,420,12.2,1.75,2,0
427.5,12.2,-0.25,427.5,12.2,1.75,2,0
435,12.2,-0.25,435,12.2,1.75,2,0
442.5,12.2,-0.25,442.5,12.2,1.75,2,0
450,12.2,-0.25,450,12.2,1.75,2,0
457.5,12.2,-0.25,457.5,12.2,1.75,2,0
465,12.2,-0.25,465,12.2,1.75,2,0
472.5,12.2,-0.25,472.5,12.2,1.75,2,0
480,12.2,-0.25,480,12.2,1.75,2,0
487.5,12.2,-0.25,487.5,12.2,1.75,2,0
495,12.2,-0.25,495,12.2,1.75,2,0
502.5,12.2,-0.25,502.5,12.2,1.75,2,0
510,12.2,-0.25,510,12.2,1.75,2,0
517.5,12.2,-0.25,517.5,12.2,1.75,2,0
525,12.2,-0.25,525,12.2,1.75,2,0
532.5,12.2,-0.25,532.5,12.2,1.75,2,0
540,12.2,-0.25,540,12.2,1.75,2,0
547.5,12.2,-0.25,547.5,12.2,1.75,2,0
555,12.2,-0.25,555,12.2,1.75,2,0
562.5,12.2,-0.25,562.5,12.2,1.75,2,0
570,12.2,-0.25,570,12.2,1.75,2,0
577.5,12.2,-0.25,577.5,12.2,1.75,2,0
585,12.2,-0.25,585,12.2,1.75,2,0
592.5,12.2,-0.25,592.5,12.2,1.75,2,0
600,12.2,-0.25,600,12.2,1.75,2,0
0,18.3,-0.25,0,18.3,1.75,2,0
7.5,18.3,-0.25,7.5,18.3,1.75,2,0
15,18.3,-0.25,15,18.3,1.75,2,0
22.5,18.3,-0.25,22.5,18.3,1.75,2,0
30,18.3,-0.25,30,18.3,1.75,2,0
37.5,18.3,-0.25,37.5,18.3,1.75,2,0
45,18.3,-0.25,45,18.3,1.75,2,0
52.5,18.3,-0.25,52.5,18.3,1.75,2,0
60,18.3,-0.25,60,18.3,1.75,2,0
67.5,18.3,-0.25,67.5,18.3,1.75,2,0
75,18.3,-0.25,75,18.3,1.75,2,0
82.5,18.3,-0.25,82.5,18.3,1.75,2,0
90,18.3,-0.25,90,18.3,1.75,2,0
97.5,18.3,-0.25,97.5,18.3,1.75,2,0
105,18.3,-0.25,105,18.3,1.75,2,0
112.5,18.3,-0.25,112.5,18.3,1.75,2,0
120,18.3,-0.25,120,18.3,1.75,2,0
127.5,18.3,-0.25,127.5,18.3,1.75,2,0
135,18.3,-0.25,135,18.3,1.75,2,0
142.5,18.3,-0.25,142.5,18.3,1.75,2,0
150,18.3,-0.25,150,18.3,1.75,2,0
157.5,18.3,-0.25,157.5,18.3,1.75,2,0
165,18.3,-0.25,165,18.3,1.75,2,0
172.5,18.3,-0.25,172.5,18.3,1.75,2,0
180,18.3,-0.25,180,18.3,1.75,2,0
187.5,18.3,-0.25,187.5,18.3,1.75,2,0
195,18.3,-0.25,195,18.3,1.75,2,0
202.5,18.3,-0.25,202.5,18.3,1.75,2,0
210,18.3,-0.25,210,18.3,1.75,2,0
217.5,18.3,-0.25,217.5,18.3,1.75,2,0
225,18.3,-0.25,225,18.3,1.75,2,0
232.5,18.3,-0.25,232.5,18.3,1.75,2,0
240,18.3,-0.25,240,18.3,1.75,2,0
247.5,18.3,-0.25,247.5,18.3,1.75,2,0
255,18.3,-0.25,255,18.3,1.75,2,0
262.5,18.3,-0.25,262.5,18.3,1.75,2,0
270,18.3,-0.25,270,18.3,1.75,2,0
277.5,18.3,-0.25,277.5,18.3,1.75,2,0
285,18.3,-0.25,285,18.3,1.75,2,0
292.5,18.3,-0.25,292.5,18.3,1.75,2,0
300,18.3,-0.25,300,18.3,1.75,2,0
307.5,18.3,-0.25,307.5,18.3,1.75,2,0
315,18.3,-0.25,315,18.3,1.75,2,0
322.5,18.3,-0.25,322.5,18.3,1.75,2,0
330,18.3,-0.25,330,18.3,1.75,2,0
337.5,18.3,-0.25,337.5,18.3,1.75,2,0
345,18.3,-0.25,345,18.3,1.75,2,0
352.5,18.3,-0.25,352.5,18.3,1.75,2,0
360,18.3,-0.25,360,18.3,1.75,2,0
367.5,18.3,-0.25,367.5,18.3,1.75,2,0
375,18.3,-0.25,375,18.3,1.75,2,0
382.5,18.3,-0.25,382.5,18.3,1.75,2,0
390,18.3,-0.25,390,18.3,1.75,2,0
397.5,18.3,-0.25,397.5,18.3,1.75,2,0
405,18.3,-0.25,405,18.3,1.75,2,0
412.5,18.3,-0.25,412.5,18.3,1.75,2,0
420,18.3,-0.25,420,18.3,1.75,2,0
427.5,18.3,-0.25,427.5,18.3,1.75,2,0
435,18.3,-0.25,435,18.3,1.75,2,0
442.5,18.3,-0.25,442.5,18.3,1.75,2,0
450,18.3,-0.25,450,18.3,1.75,2,0
457.5,18.3,-0.25,457.5,18.3,1.75,2,0
465,18.3,-0.25,465,18.3,1.75,2,0
472.5,18.3,-0.25,472.5,18.3,1.75,2,0
480,18.3,-0.25,480,18.3,1.75,2,0
487.5,18.3,-0.25,487.5,18.3,1.75,2,0
495,18.3,-0.25,495,18.3,1.75,2,0
502.5,18.3,-0.25,502.5,18.3,1.75,2,0
510,18.3,-0.25,510,18.3,1.75,2,0
517.5,18.3,-0.25,517.5,18.3,1.75,2,0
525,18.3,-0.25,525,18.3,1.75,2,0
532.5,18.3,-0.25,532.5,18.3,1.75,2,0
540,18.3,-0.25,540,18.3,1.75,2,0
547.5,18.3,-0.25,547.5,18.3,1.75,2,0
555,18.3,-0.25,555,18.3,1.75,2,0
562.5,18.3,-0.25,562.5,18.3,1.75,2,0
570,18.3,-0.25,570,18.3,1.75,2,0
577.5,18.3,-0.25,577.5,18.3,1.75,2,0
585,18.3,-0.25,585,18.3,1.75,2,0
592.5,18.3,-0.25,592.5,18.3,1.75,2,0
600,18.3,-0.25,600,18.3,1.75,2,0
0,24.4,-0.25,0,24.4,1.75,2,0
7.5,24.4,-0.25,7.5,24.4,1.75,2,0
15,24.4,-0.25,15,24.4,1.75,2,0
22.5,24.4,-0.25,22.5,24.4,1.75,2,0
30,24.4,-0.25,30,24.4,1.75,2,0
37.5,24.4,-0.25,37.5,24.4,1.75,2,0
45,24.4,-0.25,45,24.4,1.75,2,0
52.5,24.4,-0.25,52.5,24.4,1.75,2,0
60,24.4,-0.25,60,24.4,1.75,2,0
67.5,24.4,-0.25,67.5,24.4,1.75,2,0
75,24.4,-0.25,75,24.4,1.75,2,0
82.5,24.4,-0.25,82.5,24.4,1.75,2,0
90,24.4,-0.25,90,24.4,1.75,2,0
97.5,24.4,-0.25,97.5,24.4,1.75,2,0
105,24.4,-0.25,105,24.4,1.75,2,0
112.5,24.4,-0.25,112.5,24.4,1.75,2,0
120,24.4,-0.25,120,24.4,1.75,2,0
127.5,24.4,-0.25,127.5,24.4,1.75,2,0
135,24.4,-0.25,135,24.4,1.75,2,0
142.5,24.4,-0.25,142.5,24.4,1.75,2,0
150,24.4,-0.25,150,24.4,1.75,2,0
157.5,24.4,-0.25,157.5,24.4,1.75,2,0
165,24.4,-0.25,165,24.4,1.75,2,0
172.5,24.4,-0.25,172.5,24.4,1.75,2,0
180,24.4,-0.25,180,24.4,1.75,2,0
187.5,24.4,-0.25,187.5,24.4,1.75,2,0
195,24.4,-0.25,195,24.4,1.75,2,0
202.5,24.4,-0.25,202.5,24.4,1.75,2,0
210,24.4,-0.25,210,24.4,1.75,2,0
217.5,24.4,-0.25,217.5,24.4,1.75,2,0
225,24.4,-0.25,225,24.4,1.75,2,0
232.5,24.4,-0.25,232.5,24.4,1.75,2,0
240,24.4,-0.25,240,24.4,1.75,2,0
247.5,24.4,-0.25,247.5,24.4,1.75,2,0
255,24.4,-0.25,255,24.4,1.75,2,0
262.5,24.4,-0.25,262.5,24.4,1.75,2,0
270,24.4,-0.25,270,24.4,1.75,2,0
277.5,24.4,-0.25,277.5,24.4,1.75,2,0
285,24.4,-0.25,285,24.4,1.75,2,0
292.5,24.4,-0.25,292.5,24.4,1.75,2,0
300,24.4,-0.25,300,24.4,1.75,2,0
307.5,24.4,-0.25,307.5,24.4,1.75,2,0
315,24.4,-0.25,315,24.4,1.75,2,0
322.5,24.4,-0.25,322.5,24.4,1.75,2,0
330,24.4,-0.25,330,24.4,1.75,2,0
337.5,24.4,-0.25,337.5,24.4,1.75,2,0
345,24.4,-0.25,345,24.4,1.75,2,0
352.5,24.4,-0.25,352.5,24.4,1.75,2,0
360,24.4,-0.25,360,24.4,1.75,2,0
367.5,24.4,-0.25,367.5,24.4,1.75,2,0
375,24.4,-0.25,375,24.4,1.75,2,0
382.5,24.4,-0.25,382.5,24.4,1.75,2,0
390,24.4,-0.25,390,24.4,1.75,2,0
397.5,24.4,-0.25,397.5,24.4,1.75,2,0
405,24.4,-0.25,405,24.4,1.75,2,0
412.5,24.4,-0.25,412.5,24.4,1.75,2,0
420,24.4,-0.25,420,24.4,1.75,2,0
427.5,24.4,-0.25,427.5,24.4,1.75,2,0
435,24.4,-0.25,435,24.4,1.75,2,0
442.5,24.4,-0.25,442.5,24.4,1.75,2,0
450,24.4,-0.25,450,24.4,1.75,2,0
457.5,24.4,-0.25,457.5,24.4,1.75,2,0
465,24.4,-0.25,465,24.4,1.75,2,0
472.5,24.4,-0.25,472.5,24.4,1.75,2,0
480,24.4,-0.25,480,24.4,1.75,2,0
487.5,24.4,-0.25,487.5,24.4,1.75,2,0
495,24.4,-0.25,495,24.4,1.75,2,0
502.5,24.4,-0.25,502.5,24.4,1.75,2,0
510,24.4,-0.25,510,24.4,1.75,2,0
517.5,24.4,-0.25,517.5,24.4,1.75,2,0
525,24.4,-0.25,525,24.4,1.75,2,0
532.5,24.4,-0.25,532.5,24.4,1.75,2,0
540,24.4,-0.25,540,24.4,1.75,2,0
547.5,24.4,-0.25,547.5,24.4,1.75,2,0
555,24.4,-0.25,555,24.4,1.75,2,0
562.5,24.4,-0.25,562.5,24.4,1.75,2,0
570,24.4,-0.25,570,24.4,1.75,2,0
577.5,24.4,-0.25,577.5,24.4,1.75,2,0
585,24.4,-0.25,585,24.4,1.75,2,0
592.5,24.4,-0.25,592.5,24.4,1.75,2,0
600,24.4,-0.25,600,24.4,1.75,2,0
0,30.5,-0.25,0,30.5,1.75,2,0
2.5,30.5,-0.25,2.5,30.5,1.75,2,0
5,30.5,-0.25,5,30.5,1.75,2,0
7.5,30.5,-0.25,7.5,30.5,1.75,2,0
10,30.5,-0.25,10,30.5,1.75,2,0
12.5,30.5,-0.25,12.5,30.5,1.75,2,0
15,30.5,-0.25,15,30.5,1.75,2,0
17.5,30.5,-0.25,17.5,30.5,1.75,2,0
20,30.5,-0.25,20,30.5,1.75,2,0
22.5,30.5,-0.25,22.5,30.5,1.75,2,0
25,30.5,-0.25,25,30.5,1.75,2,0
27.5,30.5,-0.25,27.5,30.5,1.75,2,0
30,30.5,-0.25,30,30.5,1.75,2,0
32.5,30.5,-0.25,32.5,30.5,1.75,2,0
35,30.5,-0.25,35,30.5,1.75,2,0
37.5,30.5,-0.25,37.5,30.5,1.75,2,0
40,30.5,-0.25,40,30.5,1.75,2,0
42.5,30.5,-0.25,42.5,30.5,1.75,2,0
45,30.5,-0.25,45,30.5,1.75,2,0
47.5,30.5,-0.25,47.5,30.5,1.75,2,0
50,30.5,-0.25,50,30.5,1.75,2,0
52.5,30.5,-0.25,52.5,30.5,1.75,2,0
55,30.5,-0.25,55,30.5,1.75,2,0
57.5,30.5,-0.25,57.5,30.5,1.75,2,0
60,30.5,-0.25,60,30.5,1.75,2,0
62.5,30.5,-0.25,62.5,30.5,1.75,2,0
65,30.5,-0.25,65,30.5,1.75,2,0
67.5,30.5,-0.25,67.5,30.5,1.75,2,0
70,30.5,-0.25,70,30.5,1.75,2,0
72.5,30.5,-0.25,72.5,30.5,1.75,2,0
75,30.5,-0.25,75,30.5,1.75,2,0
77.5,30.5,-0.25,77.5,30.5,1.75,2,0
80,30.5,-0.25,80,30.5,1.75,2,0
82.5,30.5,-0.25,82.5,30.5,1.75,2,0
85,30.5,-0.25,85,30.5,1.75,2,0
87.5,30.5,-0.25,87.5,30.5,1.75,2,0
90,30.5,-0.25,90,30.5,1.75,2,0
92.5,30.5,-0.25,92.5,30.5,1.75,2,0
95,30.5,-0.25,95,30.5,1.75,2,0
97.5,30.5,-0.25,97.5,30.5,1.75,2,0
100,30.5,-0.25,100,30.5,1.75,2,0
102.5,30.5,-0.25,102.5,30.5,1.75,2,0
105,30.5,-0.25,105,30.5,1.75,2,0
107.5,30.5,-0.25,107.5,30.5,1.75,2,0
110,30.5,-0.25,110,30.5,1.75,2,0
112.5,30.5,-0.25,112.5,30.5,1.75,2,0
115,30.5,-0.25,115,30.5,1.75,2,0
117.5,30.5,-0.25,117.5,30.5,1.75,2,0
120,30.5,-0.25,120,30.5,1.75,2,0
122.5,30.5,-0.25,122.5,30.5,1.75,2,0
125,30.5,-0.25,125,30.5,1.75,2,0
127.5,30.5,-0.25,127.5,30.5,1.75,2,0
130,30.5,-0.25,130,30.5,1.75,2,0
132.5,30.5,-0.25,132.5,30.5,1.75,2,0
135,30.5,-0.25,135,30.5,1.75,2,0
137.5,30.5,-0.25,137.5,30.5,1.75,2,0
140,30.5,-0.25,140,30.5,1.75,2,0
142.5,30.5,-0.25,142.5,30.5,1.75,2,0
145,30.5,-0.25,145,30.5,1.75,2,0
147.5,30.5,-0.25,147.5,30.5,1.75,2,0
150,30.5,-0.25,150,30.5,1.75,2,0
152.5,30.5,-0.25,152.5,30.5,1.75,2,0
155,30.5,-0.25,155,30.5,1.75,2,0
157.5,30.5,-0.25,157.5,30.5,1.75,2,0
160,30.5,-0.25,160,30.5,1.75,2,0
162.5,30.5,-0.25,162.5,30.5,1.75,2,0
165,30.5,-0.25,165,30.5,1.75,2,0
167.5,30.5,-0.25,167.5,30.5,1.75,2,0
170,30.5,-0.25,170,30.5,1.75,2,0
172.5,30.5,-0.25,172.5,30.5,1.75,2,0
175,30.5,-0.25,175,30.5,1.75,2,0
177.5,30.5,-0.25,177.5,30.5,1.75,2,0
180,30.5,-0.25,180,30.5,1.75,2,0
182.5,30.5,-0.25,182.5,30.5,1.75,2,0
185,30.5,-0.25,185,30.5,1.75,2,0
187.5,30.5,-0.25,187.5,30.5,1.75,2,0
190,30.5,-0.25,190,30.5,1.75,2,0
192.5,30.5,-0.25,192.5,30.5,1.75,2,0
195,30.5,-0.25,195,30.5,1.75,2,0
197.5,30.5,-0.25,197.5,30.5,1.75,2,0
200,30.5,-0.25,200,30.5,1.75,2,0
202.5,30.5,-0.25,202.5,30.5,1.75,2,0
205,30.5,-0.25,205,30.5,1.75,2,0
207.5,30.5,-0.25,207.5,30.5,1.75,2,0
210,30.5,-0.25,210,30.5,1.75,2,0
212.5,30.5,-0.25,212.5,30.5,1.75,2,0
215,30.5,-0.25,215,30.5,1.75,2,0
217.5,30.5,-0.25,217.5,30.5,1.75,2,0
220,30.5,-0.25,220,30.5,1.75,2,0
222.5,30.5,-0.25,222.5,30.5,1.75,2,0
225,30.5,-0.25,225,30.5,1.75,2,0
227.5,30.5,-0.25,227.5,30.5,1.75,2,0
230,30.5,-0.25,230,30.5,1.75,2,0
232.5,30.5,-0.25,232.5,30.5,1.75,2,0
235,30.5,-0.25,235,30.5,1.75,2,0
237.5,30.5,-0.25,237.5,30.5,1.75,2,0
240,30.5,-0.25,240,30.5,1.75,2,0
242.5,30.5,-0.25,242.5,30.5,1.75,2,0
245,30.5,-0.25,245,30.5,1.75,2,0
247.5,30.5,-0.25,247.5,30.5,1.75,2,0
250,30.5,-0.25,250,30.5,1.75,2,0
252.5,30.5,-0.25,252.5,30.5,1.75,2,0
255,30.5,-0.25,255,30.5,1.75,2,0
257.5,30.5,-0.25,257.5,30.5,1.75,2,0
260,30.5,-0.25,260,30.5,1.75,2,0
262.5,30.5,-0.25,262.5,30.5,1.75,2,0
265,30.5,-0.25,265,30.5,1.75,2,0
267.5,30.5,-0.25,267.5,30.5,1.75,2,0
270,30.5,-0.25,270,30.5,1.75,2,0
272.5,30.5,-0.25,272.5,30.5,1.75,2,0
275,30.5,-0.25,275,30.5,1.75,2,0
277.5,30.5,-0.25,277.5,30.5,1.75,2,0
280,30.5,-0.25,280,30.5,1.75,2,0
282.5,30.5,-0.25,282.5,30.5,1.75,2,0
285,30.5,-0.25,285,30.5,1.75,2,0
287.5,30.5,-0.25,287.5,30.5,1.75,2,0
290,30.5,-0.25,290,30.5,1.75,2,0
292.5,30.5,-0.25,292.5,30.5,1.75,2,0
295,30.5,-0.25,295,30.5,1.75,2,0
297.5,30.5,-0.25,297.5,30.5,1.75,2,0
300,30.5,-0.25,300,30.5,1.75,2,0
302.5,30.5,-0.25,302.5,30.5,1.75,2,0
305,30.5,-0.25,305,30.5,1.75,2,0
307.5,30.5,-0.25,307.5,30.5,1.75,2,0
310,30.5,-0.25,310,30.5,1.75,2,0
312.5,30.5,-0.25,312.5,30.5,1.75,2,0
315,30.5,-0.25,315,30.5,1.75,2,0
317.5,30.5,-0.25,317.5,30.5,1.75,2,0
320,30.5,-0.25,320,30.5,1.75,2,0
322.5,30.5,-0.25,322.5,30.5,1.75,2,0
325,30.5,-0.25,325,30.5,1.75,2,0
327.5,30.5,-0.25,327.5,30.5,1.75,2,0
330,30.5,-0.25,330,30.5,1.75,2,0
332.5,30.5,-0.25,332.5,30.5,1.75,2,0
335,30.5,-0.25,335,30.5,1.75,2,0
337.5,30.5,-0.25,337.5,30.5,1.75,2,0
340,30.5,-0.25,340,30.5,1.75,2,0
342.5,30.5,-0.25,342.5,30.5,1.75,2,0
345,30.5,-0.25,345,30.5,1.75,2,0
347.5,30.5,-0.25,347.5,30.5,1.75,2,0
350,30.5,-0.25,350,30.5,1.75,2,0
352.5,30.5,-0.25,352.5,30.5,1.75,2,0
355,30.5,-0.25,355,30.5,1.75,2,0
357.5,30.5,-0.25,357.5,30.5,1.75,2,0
360,30.5,-0.25,360,30.5,1.75,2,0
362.5,30.5,-0.25,362.5,30.5,1.75,2,0
365,30.5,-0.25,365,30.5,1.75,2,0
367.5,30.5,-0.25,367.5,30.5,1.75,2,0
370,30.5,-0.25,370,30.5,1.75,2,0
372.5,30.5,-0.25,372.5,30.5,1.75,2,0
375,30.5,-0.25,375,30.5,1.75,2,0
377.5,30.5,-0.25,377.5,30.5,1.75,2,0
380,30.5,-0.25,380,30.5,1.75,2,0
382.5,30.5,-0.25,382.5,30.5,1.75,2,0
385,30.5,-0.25,385,30.5,1.75,2,0
387.5,30.5,-0.25,387.5,30.5,1.75,2,0
390,30.5,-0.25,390,30.5,1.75,2,0
392.5,30.5,-0.25,392.5,30.5,1.75,2,0
395,30.5,-0.25,395,30.5,1.75,2,0
397.5,30.5,-0.25,397.5,30.5,1.75,2,0
400,30.5,-0.25,400,30.5,1.75,2,0
402.5,30.5,-0.25,402.5,30.5,1.75,2,0
405,30.5,-0.25,405,30.5,1.75,2,0
407.5,30.5,-0.25,407.5,30.5,1.75,2,0
410,30.5,-0.25,410,30.5,1.75,2,0
412.5,30.5,-0.25,412.5,30.5,1.75,2,0
415,30.5,-0.25,415,30.5,1.75,2,0
417.5,30.5,-0.25,417.5,30.5,1.75,2,0
420,30.5,-0.25,420,30.5,1.75,2,0
422.5,30.5,-0.25,422.5,30.5,1.75,2,0
425,30.5,-0.25,425,30.5,1.75,2,0
427.5,30.5,-0.25,427.5,30.5,1.75,2,0
430,30.5,-0.25,430,30.5,1.75,2,0
432.5,30.5,-0.25,432.5,30.5,1.75,2,0
435,30.5,-0.25,435,30.5,1.75,2,0
437.5,30.5,-0.25,437.5,30.5,1.75,2,0
440,30.5,-0.25,440,30.5,1.75,2,0
442.5,30.5,-0.25,442.5,30.5,1.75,2,0
445,30.5,-0.25,445,30.5,1.75,2,0
447.5,30.5,-0.25,447.5,30.5,1.75,2,0
450,30.5,-0.25,450,30.5,1.75,2,0
452.5,30.5,-0.25,452.5,30.5,1.75,2,0
455,30.5,-0.25,455,30.5,1.75,2,0
457.5,30.5,-0.25,457.5,30.5,1.75,2,0
460,30.5,-0.25,460,30.5,1.75,2,0
462.5,30.5,-0.25,462.5,30.5,1.75,2,0
465,30.5,-0.25,465,30.5,1.75,2,0
467.5,30.5,-0.25,467.5,30.5,1.75,2,0
470,30.5,-0.25,470,30.5,1.75,2,0
472.5,30.5,-0.25,472.5,30.5,1.75,2,0
475,30.5,-0.25,475,30.5,1.75,2,0
477.5,30.5,-0.25,477.5,30.5,1.75,2,0
480,30.5,-0.25,480,30.5,1.75,2,0
482.5,30.5,-0.25,482.5,30.5,1.75,2,0
485,30.5,-0.25,485,30.5,1.75,2,0
487.5,30.5,-0.25,487.5,30.5,1.75,2,0
490,30.5,-0.25,490,30.5,1.75,2,0
492.5,30.5,-0.25,492.5,30.5,1.75,2,0
495,30.5,-0.25,495,30.5,1.75,2,0
497.5,30.5,-0.25,497.5,30.5,1.75,2,0
500,30.5,-0.25,500,30.5,1.75,2,0
502.5,30.5,-0.25,502.5,30.5,1.75,2,0
505,30.5,-0.25,505,30.5,1.75,2,0
507.5,30.5,-0.25,507.5,30.5,1.75,2,0
510,30.5,-0.25,510,30.5,1.75,2,0
512.5,30.5,-0.25,512.5,30.5,1.75,2,0
515,30.5,-0.25,515,30.5,1.75,2,0
517.5,30.5,-0.25,517.5,30.5,1.75,2,0
520,30.5,-0.25,520,30.5,1.75,2,0
522.5,30.5,-0.25,522.5,30.5,1.75,2,0
525,30.5,-0.25,525,30.5,1.75,2,0
527.5,30.5,-0.25,527.5,30.5,1.75,2,0
530,30.5,-0.25,530,30.5,1.75,2,0
532.5,30.5,-0.25,532.5,30.5,1.75,2,0
535,30.5,-0.25,535,30.5,1.75,2,0
537.5,30.5,-0.25,537.5,30.5,1.75,2,0
540,30.5,-0.25,540,30.5,1.75,2,0
542.5,30.5,-0.25,542.5,30.5,1.75,2,0
545,30.5,-0.25,545,30.5,1.75,2,0
547.5,30.5,-0.25,547.5,30.5,1.75,2,0
550,30.5,-0.25,550,30.5,1.75,2,0
552.5,30.5,-0.25,552.5,30.5,1.75,2,0
555,30.5,-0.25,555,30.5,1.75,2,0
557.5,30.5,-0.25,557.5,30.5,1.75,2,0
560,30.5,-0.25,560,30.5,1.75,2,0
562.5,30.5,-0.25,562.5,30.5,1.75,2,0
565,30.5,-0.25,565,30.5,1.75,2,0
567.5,30.5,-0.25,567.5,30.5,1.75,2,0
570,30.5,-0.25,570,30.5,1.75,2,0
572.5,30.5,-0.25,572.5,30.5,1.75,2,0
575,30.5,-0.25,575,30.5,1.75,2,0
577.5,30.5,-0.25,577.5,30.5,1.75,2,0
580,30.5,-0.25,580,30.5,1.75,2,0
582.5,30.5,-0.25,582.5,30.5,1.75,2,0
585,30.5,-0.25,585,30.5,1.75,2,0
587.5,30.5,-0.25,587.5,30.5,1.75,2,0
590,30.5,-0.25,590,30.5,1.75,2,0
592.5,30.5,-0.25,592.5,30.5,1.75,2,0
595,30.5,-0.25,595,30.5,1.75,2,0
597.5,30.5,-0.25,597.5,30.5,1.75,2,0
600,30.5,-0.25,600,30.5,1.75,2,0
