PROYECTO:TESIS-ESCALAMIENTO_DE_SEÑALES_SISMICAS_EN_MUELLES
AUTOR: ING. JUAN CARLOS PANTOJA
ARCHIVO: MUELLE 2:1 - 630m
DESCRIPCIÓN: FRAMES DE VIGAS CABEZAL
RECUENTO: 1134 ELTOS


0,0,1.75,0,1.5,1.75,3,0
0,1.5,1.75,0,3.8,1.75,3,0
0,3.8,1.75,0,6.1,1.75,3,0
0,6.1,1.75,0,9.15,1.75,3,0
0,9.15,1.75,0,12.2,1.75,3,0
0,12.2,1.75,0,15.25,1.75,3,0
0,15.25,1.75,0,18.3,1.75,3,0
0,18.3,1.75,0,21.35,1.75,3,0
0,21.35,1.75,0,24.4,1.75,3,0
0,24.4,1.75,0,26.7,1.75,3,0
0,26.7,1.75,0,29,1.75,3,0
0,29,1.75,0,30.5,1.75,3,0
0,30.5,1.75,0,32,1.75,3,0
0,32,1.75,0,33.5,1.75,3,0
7.5,0,1.75,7.5,1.5,1.75,3,0
7.5,1.5,1.75,7.5,3.8,1.75,3,0
7.5,3.8,1.75,7.5,6.1,1.75,3,0
7.5,6.1,1.75,7.5,9.15,1.75,3,0
7.5,9.15,1.75,7.5,12.2,1.75,3,0
7.5,12.2,1.75,7.5,15.25,1.75,3,0
7.5,15.25,1.75,7.5,18.3,1.75,3,0
7.5,18.3,1.75,7.5,21.35,1.75,3,0
7.5,21.35,1.75,7.5,24.4,1.75,3,0
7.5,24.4,1.75,7.5,26.7,1.75,3,0
7.5,26.7,1.75,7.5,29,1.75,3,0
7.5,29,1.75,7.5,30.5,1.75,3,0
7.5,30.5,1.75,7.5,32,1.75,3,0
7.5,32,1.75,7.5,33.5,1.75,3,0
15,0,1.75,15,1.5,1.75,3,0
15,1.5,1.75,15,3.8,1.75,3,0
15,3.8,1.75,15,6.1,1.75,3,0
15,6.1,1.75,15,9.15,1.75,3,0
15,9.15,1.75,15,12.2,1.75,3,0
15,12.2,1.75,15,15.25,1.75,3,0
15,15.25,1.75,15,18.3,1.75,3,0
15,18.3,1.75,15,21.35,1.75,3,0
15,21.35,1.75,15,24.4,1.75,3,0
15,24.4,1.75,15,26.7,1.75,3,0
15,26.7,1.75,15,29,1.75,3,0
15,29,1.75,15,30.5,1.75,3,0
15,30.5,1.75,15,32,1.75,3,0
15,32,1.75,15,33.5,1.75,3,0
22.5,0,1.75,22.5,1.5,1.75,3,0
22.5,1.5,1.75,22.5,3.8,1.75,3,0
22.5,3.8,1.75,22.5,6.1,1.75,3,0
22.5,6.1,1.75,22.5,9.15,1.75,3,0
22.5,9.15,1.75,22.5,12.2,1.75,3,0
22.5,12.2,1.75,22.5,15.25,1.75,3,0
22.5,15.25,1.75,22.5,18.3,1.75,3,0
22.5,18.3,1.75,22.5,21.35,1.75,3,0
22.5,21.35,1.75,22.5,24.4,1.75,3,0
22.5,24.4,1.75,22.5,26.7,1.75,3,0
22.5,26.7,1.75,22.5,29,1.75,3,0
22.5,29,1.75,22.5,30.5,1.75,3,0
22.5,30.5,1.75,22.5,32,1.75,3,0
22.5,32,1.75,22.5,33.5,1.75,3,0
30,0,1.75,30,1.5,1.75,3,0
30,1.5,1.75,30,3.8,1.75,3,0
30,3.8,1.75,30,6.1,1.75,3,0
30,6.1,1.75,30,9.15,1.75,3,0
30,9.15,1.75,30,12.2,1.75,3,0
30,12.2,1.75,30,15.25,1.75,3,0
30,15.25,1.75,30,18.3,1.75,3,0
30,18.3,1.75,30,21.35,1.75,3,0
30,21.35,1.75,30,24.4,1.75,3,0
30,24.4,1.75,30,26.7,1.75,3,0
30,26.7,1.75,30,29,1.75,3,0
30,29,1.75,30,30.5,1.75,3,0
30,30.5,1.75,30,32,1.75,3,0
30,32,1.75,30,33.5,1.75,3,0
37.5,0,1.75,37.5,1.5,1.75,3,0
37.5,1.5,1.75,37.5,3.8,1.75,3,0
37.5,3.8,1.75,37.5,6.1,1.75,3,0
37.5,6.1,1.75,37.5,9.15,1.75,3,0
37.5,9.15,1.75,37.5,12.2,1.75,3,0
37.5,12.2,1.75,37.5,15.25,1.75,3,0
37.5,15.25,1.75,37.5,18.3,1.75,3,0
37.5,18.3,1.75,37.5,21.35,1.75,3,0
37.5,21.35,1.75,37.5,24.4,1.75,3,0
37.5,24.4,1.75,37.5,26.7,1.75,3,0
37.5,26.7,1.75,37.5,29,1.75,3,0
37.5,29,1.75,37.5,30.5,1.75,3,0
37.5,30.5,1.75,37.5,32,1.75,3,0
37.5,32,1.75,37.5,33.5,1.75,3,0
45,0,1.75,45,1.5,1.75,3,0
45,1.5,1.75,45,3.8,1.75,3,0
45,3.8,1.75,45,6.1,1.75,3,0
45,6.1,1.75,45,9.15,1.75,3,0
45,9.15,1.75,45,12.2,1.75,3,0
45,12.2,1.75,45,15.25,1.75,3,0
45,15.25,1.75,45,18.3,1.75,3,0
45,18.3,1.75,45,21.35,1.75,3,0
45,21.35,1.75,45,24.4,1.75,3,0
45,24.4,1.75,45,26.7,1.75,3,0
45,26.7,1.75,45,29,1.75,3,0
45,29,1.75,45,30.5,1.75,3,0
45,30.5,1.75,45,32,1.75,3,0
45,32,1.75,45,33.5,1.75,3,0
52.5,0,1.75,52.5,1.5,1.75,3,0
52.5,1.5,1.75,52.5,3.8,1.75,3,0
52.5,3.8,1.75,52.5,6.1,1.75,3,0
52.5,6.1,1.75,52.5,9.15,1.75,3,0
52.5,9.15,1.75,52.5,12.2,1.75,3,0
52.5,12.2,1.75,52.5,15.25,1.75,3,0
52.5,15.25,1.75,52.5,18.3,1.75,3,0
52.5,18.3,1.75,52.5,21.35,1.75,3,0
52.5,21.35,1.75,52.5,24.4,1.75,3,0
52.5,24.4,1.75,52.5,26.7,1.75,3,0
52.5,26.7,1.75,52.5,29,1.75,3,0
52.5,29,1.75,52.5,30.5,1.75,3,0
52.5,30.5,1.75,52.5,32,1.75,3,0
52.5,32,1.75,52.5,33.5,1.75,3,0
60,0,1.75,60,1.5,1.75,3,0
60,1.5,1.75,60,3.8,1.75,3,0
60,3.8,1.75,60,6.1,1.75,3,0
60,6.1,1.75,60,9.15,1.75,3,0
60,9.15,1.75,60,12.2,1.75,3,0
60,12.2,1.75,60,15.25,1.75,3,0
60,15.25,1.75,60,18.3,1.75,3,0
60,18.3,1.75,60,21.35,1.75,3,0
60,21.35,1.75,60,24.4,1.75,3,0
60,24.4,1.75,60,26.7,1.75,3,0
60,26.7,1.75,60,29,1.75,3,0
60,29,1.75,60,30.5,1.75,3,0
60,30.5,1.75,60,32,1.75,3,0
60,32,1.75,60,33.5,1.75,3,0
67.5,0,1.75,67.5,1.5,1.75,3,0
67.5,1.5,1.75,67.5,3.8,1.75,3,0
67.5,3.8,1.75,67.5,6.1,1.75,3,0
67.5,6.1,1.75,67.5,9.15,1.75,3,0
67.5,9.15,1.75,67.5,12.2,1.75,3,0
67.5,12.2,1.75,67.5,15.25,1.75,3,0
67.5,15.25,1.75,67.5,18.3,1.75,3,0
67.5,18.3,1.75,67.5,21.35,1.75,3,0
67.5,21.35,1.75,67.5,24.4,1.75,3,0
67.5,24.4,1.75,67.5,26.7,1.75,3,0
67.5,26.7,1.75,67.5,29,1.75,3,0
67.5,29,1.75,67.5,30.5,1.75,3,0
67.5,30.5,1.75,67.5,32,1.75,3,0
67.5,32,1.75,67.5,33.5,1.75,3,0
75,0,1.75,75,1.5,1.75,3,0
75,1.5,1.75,75,3.8,1.75,3,0
75,3.8,1.75,75,6.1,1.75,3,0
75,6.1,1.75,75,9.15,1.75,3,0
75,9.15,1.75,75,12.2,1.75,3,0
75,12.2,1.75,75,15.25,1.75,3,0
75,15.25,1.75,75,18.3,1.75,3,0
75,18.3,1.75,75,21.35,1.75,3,0
75,21.35,1.75,75,24.4,1.75,3,0
75,24.4,1.75,75,26.7,1.75,3,0
75,26.7,1.75,75,29,1.75,3,0
75,29,1.75,75,30.5,1.75,3,0
75,30.5,1.75,75,32,1.75,3,0
75,32,1.75,75,33.5,1.75,3,0
82.5,0,1.75,82.5,1.5,1.75,3,0
82.5,1.5,1.75,82.5,3.8,1.75,3,0
82.5,3.8,1.75,82.5,6.1,1.75,3,0
82.5,6.1,1.75,82.5,9.15,1.75,3,0
82.5,9.15,1.75,82.5,12.2,1.75,3,0
82.5,12.2,1.75,82.5,15.25,1.75,3,0
82.5,15.25,1.75,82.5,18.3,1.75,3,0
82.5,18.3,1.75,82.5,21.35,1.75,3,0
82.5,21.35,1.75,82.5,24.4,1.75,3,0
82.5,24.4,1.75,82.5,26.7,1.75,3,0
82.5,26.7,1.75,82.5,29,1.75,3,0
82.5,29,1.75,82.5,30.5,1.75,3,0
82.5,30.5,1.75,82.5,32,1.75,3,0
82.5,32,1.75,82.5,33.5,1.75,3,0
90,0,1.75,90,1.5,1.75,3,0
90,1.5,1.75,90,3.8,1.75,3,0
90,3.8,1.75,90,6.1,1.75,3,0
90,6.1,1.75,90,9.15,1.75,3,0
90,9.15,1.75,90,12.2,1.75,3,0
90,12.2,1.75,90,15.25,1.75,3,0
90,15.25,1.75,90,18.3,1.75,3,0
90,18.3,1.75,90,21.35,1.75,3,0
90,21.35,1.75,90,24.4,1.75,3,0
90,24.4,1.75,90,26.7,1.75,3,0
90,26.7,1.75,90,29,1.75,3,0
90,29,1.75,90,30.5,1.75,3,0
90,30.5,1.75,90,32,1.75,3,0
90,32,1.75,90,33.5,1.75,3,0
97.5,0,1.75,97.5,1.5,1.75,3,0
97.5,1.5,1.75,97.5,3.8,1.75,3,0
97.5,3.8,1.75,97.5,6.1,1.75,3,0
97.5,6.1,1.75,97.5,9.15,1.75,3,0
97.5,9.15,1.75,97.5,12.2,1.75,3,0
97.5,12.2,1.75,97.5,15.25,1.75,3,0
97.5,15.25,1.75,97.5,18.3,1.75,3,0
97.5,18.3,1.75,97.5,21.35,1.75,3,0
97.5,21.35,1.75,97.5,24.4,1.75,3,0
97.5,24.4,1.75,97.5,26.7,1.75,3,0
97.5,26.7,1.75,97.5,29,1.75,3,0
97.5,29,1.75,97.5,30.5,1.75,3,0
97.5,30.5,1.75,97.5,32,1.75,3,0
97.5,32,1.75,97.5,33.5,1.75,3,0
105,0,1.75,105,1.5,1.75,3,0
105,1.5,1.75,105,3.8,1.75,3,0
105,3.8,1.75,105,6.1,1.75,3,0
105,6.1,1.75,105,9.15,1.75,3,0
105,9.15,1.75,105,12.2,1.75,3,0
105,12.2,1.75,105,15.25,1.75,3,0
105,15.25,1.75,105,18.3,1.75,3,0
105,18.3,1.75,105,21.35,1.75,3,0
105,21.35,1.75,105,24.4,1.75,3,0
105,24.4,1.75,105,26.7,1.75,3,0
105,26.7,1.75,105,29,1.75,3,0
105,29,1.75,105,30.5,1.75,3,0
105,30.5,1.75,105,32,1.75,3,0
105,32,1.75,105,33.5,1.75,3,0
112.5,0,1.75,112.5,1.5,1.75,3,0
112.5,1.5,1.75,112.5,3.8,1.75,3,0
112.5,3.8,1.75,112.5,6.1,1.75,3,0
112.5,6.1,1.75,112.5,9.15,1.75,3,0
112.5,9.15,1.75,112.5,12.2,1.75,3,0
112.5,12.2,1.75,112.5,15.25,1.75,3,0
112.5,15.25,1.75,112.5,18.3,1.75,3,0
112.5,18.3,1.75,112.5,21.35,1.75,3,0
112.5,21.35,1.75,112.5,24.4,1.75,3,0
112.5,24.4,1.75,112.5,26.7,1.75,3,0
112.5,26.7,1.75,112.5,29,1.75,3,0
112.5,29,1.75,112.5,30.5,1.75,3,0
112.5,30.5,1.75,112.5,32,1.75,3,0
112.5,32,1.75,112.5,33.5,1.75,3,0
120,0,1.75,120,1.5,1.75,3,0
120,1.5,1.75,120,3.8,1.75,3,0
120,3.8,1.75,120,6.1,1.75,3,0
120,6.1,1.75,120,9.15,1.75,3,0
120,9.15,1.75,120,12.2,1.75,3,0
120,12.2,1.75,120,15.25,1.75,3,0
120,15.25,1.75,120,18.3,1.75,3,0
120,18.3,1.75,120,21.35,1.75,3,0
120,21.35,1.75,120,24.4,1.75,3,0
120,24.4,1.75,120,26.7,1.75,3,0
120,26.7,1.75,120,29,1.75,3,0
120,29,1.75,120,30.5,1.75,3,0
120,30.5,1.75,120,32,1.75,3,0
120,32,1.75,120,33.5,1.75,3,0
127.5,0,1.75,127.5,1.5,1.75,3,0
127.5,1.5,1.75,127.5,3.8,1.75,3,0
127.5,3.8,1.75,127.5,6.1,1.75,3,0
127.5,6.1,1.75,127.5,9.15,1.75,3,0
127.5,9.15,1.75,127.5,12.2,1.75,3,0
127.5,12.2,1.75,127.5,15.25,1.75,3,0
127.5,15.25,1.75,127.5,18.3,1.75,3,0
127.5,18.3,1.75,127.5,21.35,1.75,3,0
127.5,21.35,1.75,127.5,24.4,1.75,3,0
127.5,24.4,1.75,127.5,26.7,1.75,3,0
127.5,26.7,1.75,127.5,29,1.75,3,0
127.5,29,1.75,127.5,30.5,1.75,3,0
127.5,30.5,1.75,127.5,32,1.75,3,0
127.5,32,1.75,127.5,33.5,1.75,3,0
135,0,1.75,135,1.5,1.75,3,0
135,1.5,1.75,135,3.8,1.75,3,0
135,3.8,1.75,135,6.1,1.75,3,0
135,6.1,1.75,135,9.15,1.75,3,0
135,9.15,1.75,135,12.2,1.75,3,0
135,12.2,1.75,135,15.25,1.75,3,0
135,15.25,1.75,135,18.3,1.75,3,0
135,18.3,1.75,135,21.35,1.75,3,0
135,21.35,1.75,135,24.4,1.75,3,0
135,24.4,1.75,135,26.7,1.75,3,0
135,26.7,1.75,135,29,1.75,3,0
135,29,1.75,135,30.5,1.75,3,0
135,30.5,1.75,135,32,1.75,3,0
135,32,1.75,135,33.5,1.75,3,0
142.5,0,1.75,142.5,1.5,1.75,3,0
142.5,1.5,1.75,142.5,3.8,1.75,3,0
142.5,3.8,1.75,142.5,6.1,1.75,3,0
142.5,6.1,1.75,142.5,9.15,1.75,3,0
142.5,9.15,1.75,142.5,12.2,1.75,3,0
142.5,12.2,1.75,142.5,15.25,1.75,3,0
142.5,15.25,1.75,142.5,18.3,1.75,3,0
142.5,18.3,1.75,142.5,21.35,1.75,3,0
142.5,21.35,1.75,142.5,24.4,1.75,3,0
142.5,24.4,1.75,142.5,26.7,1.75,3,0
142.5,26.7,1.75,142.5,29,1.75,3,0
142.5,29,1.75,142.5,30.5,1.75,3,0
142.5,30.5,1.75,142.5,32,1.75,3,0
142.5,32,1.75,142.5,33.5,1.75,3,0
150,0,1.75,150,1.5,1.75,3,0
150,1.5,1.75,150,3.8,1.75,3,0
150,3.8,1.75,150,6.1,1.75,3,0
150,6.1,1.75,150,9.15,1.75,3,0
150,9.15,1.75,150,12.2,1.75,3,0
150,12.2,1.75,150,15.25,1.75,3,0
150,15.25,1.75,150,18.3,1.75,3,0
150,18.3,1.75,150,21.35,1.75,3,0
150,21.35,1.75,150,24.4,1.75,3,0
150,24.4,1.75,150,26.7,1.75,3,0
150,26.7,1.75,150,29,1.75,3,0
150,29,1.75,150,30.5,1.75,3,0
150,30.5,1.75,150,32,1.75,3,0
150,32,1.75,150,33.5,1.75,3,0
157.5,0,1.75,157.5,1.5,1.75,3,0
157.5,1.5,1.75,157.5,3.8,1.75,3,0
157.5,3.8,1.75,157.5,6.1,1.75,3,0
157.5,6.1,1.75,157.5,9.15,1.75,3,0
157.5,9.15,1.75,157.5,12.2,1.75,3,0
157.5,12.2,1.75,157.5,15.25,1.75,3,0
157.5,15.25,1.75,157.5,18.3,1.75,3,0
157.5,18.3,1.75,157.5,21.35,1.75,3,0
157.5,21.35,1.75,157.5,24.4,1.75,3,0
157.5,24.4,1.75,157.5,26.7,1.75,3,0
157.5,26.7,1.75,157.5,29,1.75,3,0
157.5,29,1.75,157.5,30.5,1.75,3,0
157.5,30.5,1.75,157.5,32,1.75,3,0
157.5,32,1.75,157.5,33.5,1.75,3,0
165,0,1.75,165,1.5,1.75,3,0
165,1.5,1.75,165,3.8,1.75,3,0
165,3.8,1.75,165,6.1,1.75,3,0
165,6.1,1.75,165,9.15,1.75,3,0
165,9.15,1.75,165,12.2,1.75,3,0
165,12.2,1.75,165,15.25,1.75,3,0
165,15.25,1.75,165,18.3,1.75,3,0
165,18.3,1.75,165,21.35,1.75,3,0
165,21.35,1.75,165,24.4,1.75,3,0
165,24.4,1.75,165,26.7,1.75,3,0
165,26.7,1.75,165,29,1.75,3,0
165,29,1.75,165,30.5,1.75,3,0
165,30.5,1.75,165,32,1.75,3,0
165,32,1.75,165,33.5,1.75,3,0
172.5,0,1.75,172.5,1.5,1.75,3,0
172.5,1.5,1.75,172.5,3.8,1.75,3,0
172.5,3.8,1.75,172.5,6.1,1.75,3,0
172.5,6.1,1.75,172.5,9.15,1.75,3,0
172.5,9.15,1.75,172.5,12.2,1.75,3,0
172.5,12.2,1.75,172.5,15.25,1.75,3,0
172.5,15.25,1.75,172.5,18.3,1.75,3,0
172.5,18.3,1.75,172.5,21.35,1.75,3,0
172.5,21.35,1.75,172.5,24.4,1.75,3,0
172.5,24.4,1.75,172.5,26.7,1.75,3,0
172.5,26.7,1.75,172.5,29,1.75,3,0
172.5,29,1.75,172.5,30.5,1.75,3,0
172.5,30.5,1.75,172.5,32,1.75,3,0
172.5,32,1.75,172.5,33.5,1.75,3,0
180,0,1.75,180,1.5,1.75,3,0
180,1.5,1.75,180,3.8,1.75,3,0
180,3.8,1.75,180,6.1,1.75,3,0
180,6.1,1.75,180,9.15,1.75,3,0
180,9.15,1.75,180,12.2,1.75,3,0
180,12.2,1.75,180,15.25,1.75,3,0
180,15.25,1.75,180,18.3,1.75,3,0
180,18.3,1.75,180,21.35,1.75,3,0
180,21.35,1.75,180,24.4,1.75,3,0
180,24.4,1.75,180,26.7,1.75,3,0
180,26.7,1.75,180,29,1.75,3,0
180,29,1.75,180,30.5,1.75,3,0
180,30.5,1.75,180,32,1.75,3,0
180,32,1.75,180,33.5,1.75,3,0
187.5,0,1.75,187.5,1.5,1.75,3,0
187.5,1.5,1.75,187.5,3.8,1.75,3,0
187.5,3.8,1.75,187.5,6.1,1.75,3,0
187.5,6.1,1.75,187.5,9.15,1.75,3,0
187.5,9.15,1.75,187.5,12.2,1.75,3,0
187.5,12.2,1.75,187.5,15.25,1.75,3,0
187.5,15.25,1.75,187.5,18.3,1.75,3,0
187.5,18.3,1.75,187.5,21.35,1.75,3,0
187.5,21.35,1.75,187.5,24.4,1.75,3,0
187.5,24.4,1.75,187.5,26.7,1.75,3,0
187.5,26.7,1.75,187.5,29,1.75,3,0
187.5,29,1.75,187.5,30.5,1.75,3,0
187.5,30.5,1.75,187.5,32,1.75,3,0
187.5,32,1.75,187.5,33.5,1.75,3,0
195,0,1.75,195,1.5,1.75,3,0
195,1.5,1.75,195,3.8,1.75,3,0
195,3.8,1.75,195,6.1,1.75,3,0
195,6.1,1.75,195,9.15,1.75,3,0
195,9.15,1.75,195,12.2,1.75,3,0
195,12.2,1.75,195,15.25,1.75,3,0
195,15.25,1.75,195,18.3,1.75,3,0
195,18.3,1.75,195,21.35,1.75,3,0
195,21.35,1.75,195,24.4,1.75,3,0
195,24.4,1.75,195,26.7,1.75,3,0
195,26.7,1.75,195,29,1.75,3,0
195,29,1.75,195,30.5,1.75,3,0
195,30.5,1.75,195,32,1.75,3,0
195,32,1.75,195,33.5,1.75,3,0
202.5,0,1.75,202.5,1.5,1.75,3,0
202.5,1.5,1.75,202.5,3.8,1.75,3,0
202.5,3.8,1.75,202.5,6.1,1.75,3,0
202.5,6.1,1.75,202.5,9.15,1.75,3,0
202.5,9.15,1.75,202.5,12.2,1.75,3,0
202.5,12.2,1.75,202.5,15.25,1.75,3,0
202.5,15.25,1.75,202.5,18.3,1.75,3,0
202.5,18.3,1.75,202.5,21.35,1.75,3,0
202.5,21.35,1.75,202.5,24.4,1.75,3,0
202.5,24.4,1.75,202.5,26.7,1.75,3,0
202.5,26.7,1.75,202.5,29,1.75,3,0
202.5,29,1.75,202.5,30.5,1.75,3,0
202.5,30.5,1.75,202.5,32,1.75,3,0
202.5,32,1.75,202.5,33.5,1.75,3,0
210,0,1.75,210,1.5,1.75,3,0
210,1.5,1.75,210,3.8,1.75,3,0
210,3.8,1.75,210,6.1,1.75,3,0
210,6.1,1.75,210,9.15,1.75,3,0
210,9.15,1.75,210,12.2,1.75,3,0
210,12.2,1.75,210,15.25,1.75,3,0
210,15.25,1.75,210,18.3,1.75,3,0
210,18.3,1.75,210,21.35,1.75,3,0
210,21.35,1.75,210,24.4,1.75,3,0
210,24.4,1.75,210,26.7,1.75,3,0
210,26.7,1.75,210,29,1.75,3,0
210,29,1.75,210,30.5,1.75,3,0
210,30.5,1.75,210,32,1.75,3,0
210,32,1.75,210,33.5,1.75,3,0
217.5,0,1.75,217.5,1.5,1.75,3,0
217.5,1.5,1.75,217.5,3.8,1.75,3,0
217.5,3.8,1.75,217.5,6.1,1.75,3,0
217.5,6.1,1.75,217.5,9.15,1.75,3,0
217.5,9.15,1.75,217.5,12.2,1.75,3,0
217.5,12.2,1.75,217.5,15.25,1.75,3,0
217.5,15.25,1.75,217.5,18.3,1.75,3,0
217.5,18.3,1.75,217.5,21.35,1.75,3,0
217.5,21.35,1.75,217.5,24.4,1.75,3,0
217.5,24.4,1.75,217.5,26.7,1.75,3,0
217.5,26.7,1.75,217.5,29,1.75,3,0
217.5,29,1.75,217.5,30.5,1.75,3,0
217.5,30.5,1.75,217.5,32,1.75,3,0
217.5,32,1.75,217.5,33.5,1.75,3,0
225,0,1.75,225,1.5,1.75,3,0
225,1.5,1.75,225,3.8,1.75,3,0
225,3.8,1.75,225,6.1,1.75,3,0
225,6.1,1.75,225,9.15,1.75,3,0
225,9.15,1.75,225,12.2,1.75,3,0
225,12.2,1.75,225,15.25,1.75,3,0
225,15.25,1.75,225,18.3,1.75,3,0
225,18.3,1.75,225,21.35,1.75,3,0
225,21.35,1.75,225,24.4,1.75,3,0
225,24.4,1.75,225,26.7,1.75,3,0
225,26.7,1.75,225,29,1.75,3,0
225,29,1.75,225,30.5,1.75,3,0
225,30.5,1.75,225,32,1.75,3,0
225,32,1.75,225,33.5,1.75,3,0
232.5,0,1.75,232.5,1.5,1.75,3,0
232.5,1.5,1.75,232.5,3.8,1.75,3,0
232.5,3.8,1.75,232.5,6.1,1.75,3,0
232.5,6.1,1.75,232.5,9.15,1.75,3,0
232.5,9.15,1.75,232.5,12.2,1.75,3,0
232.5,12.2,1.75,232.5,15.25,1.75,3,0
232.5,15.25,1.75,232.5,18.3,1.75,3,0
232.5,18.3,1.75,232.5,21.35,1.75,3,0
232.5,21.35,1.75,232.5,24.4,1.75,3,0
232.5,24.4,1.75,232.5,26.7,1.75,3,0
232.5,26.7,1.75,232.5,29,1.75,3,0
232.5,29,1.75,232.5,30.5,1.75,3,0
232.5,30.5,1.75,232.5,32,1.75,3,0
232.5,32,1.75,232.5,33.5,1.75,3,0
240,0,1.75,240,1.5,1.75,3,0
240,1.5,1.75,240,3.8,1.75,3,0
240,3.8,1.75,240,6.1,1.75,3,0
240,6.1,1.75,240,9.15,1.75,3,0
240,9.15,1.75,240,12.2,1.75,3,0
240,12.2,1.75,240,15.25,1.75,3,0
240,15.25,1.75,240,18.3,1.75,3,0
240,18.3,1.75,240,21.35,1.75,3,0
240,21.35,1.75,240,24.4,1.75,3,0
240,24.4,1.75,240,26.7,1.75,3,0
240,26.7,1.75,240,29,1.75,3,0
240,29,1.75,240,30.5,1.75,3,0
240,30.5,1.75,240,32,1.75,3,0
240,32,1.75,240,33.5,1.75,3,0
247.5,0,1.75,247.5,1.5,1.75,3,0
247.5,1.5,1.75,247.5,3.8,1.75,3,0
247.5,3.8,1.75,247.5,6.1,1.75,3,0
247.5,6.1,1.75,247.5,9.15,1.75,3,0
247.5,9.15,1.75,247.5,12.2,1.75,3,0
247.5,12.2,1.75,247.5,15.25,1.75,3,0
247.5,15.25,1.75,247.5,18.3,1.75,3,0
247.5,18.3,1.75,247.5,21.35,1.75,3,0
247.5,21.35,1.75,247.5,24.4,1.75,3,0
247.5,24.4,1.75,247.5,26.7,1.75,3,0
247.5,26.7,1.75,247.5,29,1.75,3,0
247.5,29,1.75,247.5,30.5,1.75,3,0
247.5,30.5,1.75,247.5,32,1.75,3,0
247.5,32,1.75,247.5,33.5,1.75,3,0
255,0,1.75,255,1.5,1.75,3,0
255,1.5,1.75,255,3.8,1.75,3,0
255,3.8,1.75,255,6.1,1.75,3,0
255,6.1,1.75,255,9.15,1.75,3,0
255,9.15,1.75,255,12.2,1.75,3,0
255,12.2,1.75,255,15.25,1.75,3,0
255,15.25,1.75,255,18.3,1.75,3,0
255,18.3,1.75,255,21.35,1.75,3,0
255,21.35,1.75,255,24.4,1.75,3,0
255,24.4,1.75,255,26.7,1.75,3,0
255,26.7,1.75,255,29,1.75,3,0
255,29,1.75,255,30.5,1.75,3,0
255,30.5,1.75,255,32,1.75,3,0
255,32,1.75,255,33.5,1.75,3,0
262.5,0,1.75,262.5,1.5,1.75,3,0
262.5,1.5,1.75,262.5,3.8,1.75,3,0
262.5,3.8,1.75,262.5,6.1,1.75,3,0
262.5,6.1,1.75,262.5,9.15,1.75,3,0
262.5,9.15,1.75,262.5,12.2,1.75,3,0
262.5,12.2,1.75,262.5,15.25,1.75,3,0
262.5,15.25,1.75,262.5,18.3,1.75,3,0
262.5,18.3,1.75,262.5,21.35,1.75,3,0
262.5,21.35,1.75,262.5,24.4,1.75,3,0
262.5,24.4,1.75,262.5,26.7,1.75,3,0
262.5,26.7,1.75,262.5,29,1.75,3,0
262.5,29,1.75,262.5,30.5,1.75,3,0
262.5,30.5,1.75,262.5,32,1.75,3,0
262.5,32,1.75,262.5,33.5,1.75,3,0
270,0,1.75,270,1.5,1.75,3,0
270,1.5,1.75,270,3.8,1.75,3,0
270,3.8,1.75,270,6.1,1.75,3,0
270,6.1,1.75,270,9.15,1.75,3,0
270,9.15,1.75,270,12.2,1.75,3,0
270,12.2,1.75,270,15.25,1.75,3,0
270,15.25,1.75,270,18.3,1.75,3,0
270,18.3,1.75,270,21.35,1.75,3,0
270,21.35,1.75,270,24.4,1.75,3,0
270,24.4,1.75,270,26.7,1.75,3,0
270,26.7,1.75,270,29,1.75,3,0
270,29,1.75,270,30.5,1.75,3,0
270,30.5,1.75,270,32,1.75,3,0
270,32,1.75,270,33.5,1.75,3,0
277.5,0,1.75,277.5,1.5,1.75,3,0
277.5,1.5,1.75,277.5,3.8,1.75,3,0
277.5,3.8,1.75,277.5,6.1,1.75,3,0
277.5,6.1,1.75,277.5,9.15,1.75,3,0
277.5,9.15,1.75,277.5,12.2,1.75,3,0
277.5,12.2,1.75,277.5,15.25,1.75,3,0
277.5,15.25,1.75,277.5,18.3,1.75,3,0
277.5,18.3,1.75,277.5,21.35,1.75,3,0
277.5,21.35,1.75,277.5,24.4,1.75,3,0
277.5,24.4,1.75,277.5,26.7,1.75,3,0
277.5,26.7,1.75,277.5,29,1.75,3,0
277.5,29,1.75,277.5,30.5,1.75,3,0
277.5,30.5,1.75,277.5,32,1.75,3,0
277.5,32,1.75,277.5,33.5,1.75,3,0
285,0,1.75,285,1.5,1.75,3,0
285,1.5,1.75,285,3.8,1.75,3,0
285,3.8,1.75,285,6.1,1.75,3,0
285,6.1,1.75,285,9.15,1.75,3,0
285,9.15,1.75,285,12.2,1.75,3,0
285,12.2,1.75,285,15.25,1.75,3,0
285,15.25,1.75,285,18.3,1.75,3,0
285,18.3,1.75,285,21.35,1.75,3,0
285,21.35,1.75,285,24.4,1.75,3,0
285,24.4,1.75,285,26.7,1.75,3,0
285,26.7,1.75,285,29,1.75,3,0
285,29,1.75,285,30.5,1.75,3,0
285,30.5,1.75,285,32,1.75,3,0
285,32,1.75,285,33.5,1.75,3,0
292.5,0,1.75,292.5,1.5,1.75,3,0
292.5,1.5,1.75,292.5,3.8,1.75,3,0
292.5,3.8,1.75,292.5,6.1,1.75,3,0
292.5,6.1,1.75,292.5,9.15,1.75,3,0
292.5,9.15,1.75,292.5,12.2,1.75,3,0
292.5,12.2,1.75,292.5,15.25,1.75,3,0
292.5,15.25,1.75,292.5,18.3,1.75,3,0
292.5,18.3,1.75,292.5,21.35,1.75,3,0
292.5,21.35,1.75,292.5,24.4,1.75,3,0
292.5,24.4,1.75,292.5,26.7,1.75,3,0
292.5,26.7,1.75,292.5,29,1.75,3,0
292.5,29,1.75,292.5,30.5,1.75,3,0
292.5,30.5,1.75,292.5,32,1.75,3,0
292.5,32,1.75,292.5,33.5,1.75,3,0
300,0,1.75,300,1.5,1.75,3,0
300,1.5,1.75,300,3.8,1.75,3,0
300,3.8,1.75,300,6.1,1.75,3,0
300,6.1,1.75,300,9.15,1.75,3,0
300,9.15,1.75,300,12.2,1.75,3,0
300,12.2,1.75,300,15.25,1.75,3,0
300,15.25,1.75,300,18.3,1.75,3,0
300,18.3,1.75,300,21.35,1.75,3,0
300,21.35,1.75,300,24.4,1.75,3,0
300,24.4,1.75,300,26.7,1.75,3,0
300,26.7,1.75,300,29,1.75,3,0
300,29,1.75,300,30.5,1.75,3,0
300,30.5,1.75,300,32,1.75,3,0
300,32,1.75,300,33.5,1.75,3,0
307.5,0,1.75,307.5,1.5,1.75,3,0
307.5,1.5,1.75,307.5,3.8,1.75,3,0
307.5,3.8,1.75,307.5,6.1,1.75,3,0
307.5,6.1,1.75,307.5,9.15,1.75,3,0
307.5,9.15,1.75,307.5,12.2,1.75,3,0
307.5,12.2,1.75,307.5,15.25,1.75,3,0
307.5,15.25,1.75,307.5,18.3,1.75,3,0
307.5,18.3,1.75,307.5,21.35,1.75,3,0
307.5,21.35,1.75,307.5,24.4,1.75,3,0
307.5,24.4,1.75,307.5,26.7,1.75,3,0
307.5,26.7,1.75,307.5,29,1.75,3,0
307.5,29,1.75,307.5,30.5,1.75,3,0
307.5,30.5,1.75,307.5,32,1.75,3,0
307.5,32,1.75,307.5,33.5,1.75,3,0
315,0,1.75,315,1.5,1.75,3,0
315,1.5,1.75,315,3.8,1.75,3,0
315,3.8,1.75,315,6.1,1.75,3,0
315,6.1,1.75,315,9.15,1.75,3,0
315,9.15,1.75,315,12.2,1.75,3,0
315,12.2,1.75,315,15.25,1.75,3,0
315,15.25,1.75,315,18.3,1.75,3,0
315,18.3,1.75,315,21.35,1.75,3,0
315,21.35,1.75,315,24.4,1.75,3,0
315,24.4,1.75,315,26.7,1.75,3,0
315,26.7,1.75,315,29,1.75,3,0
315,29,1.75,315,30.5,1.75,3,0
315,30.5,1.75,315,32,1.75,3,0
315,32,1.75,315,33.5,1.75,3,0
322.5,0,1.75,322.5,1.5,1.75,3,0
322.5,1.5,1.75,322.5,3.8,1.75,3,0
322.5,3.8,1.75,322.5,6.1,1.75,3,0
322.5,6.1,1.75,322.5,9.15,1.75,3,0
322.5,9.15,1.75,322.5,12.2,1.75,3,0
322.5,12.2,1.75,322.5,15.25,1.75,3,0
322.5,15.25,1.75,322.5,18.3,1.75,3,0
322.5,18.3,1.75,322.5,21.35,1.75,3,0
322.5,21.35,1.75,322.5,24.4,1.75,3,0
322.5,24.4,1.75,322.5,26.7,1.75,3,0
322.5,26.7,1.75,322.5,29,1.75,3,0
322.5,29,1.75,322.5,30.5,1.75,3,0
322.5,30.5,1.75,322.5,32,1.75,3,0
322.5,32,1.75,322.5,33.5,1.75,3,0
330,0,1.75,330,1.5,1.75,3,0
330,1.5,1.75,330,3.8,1.75,3,0
330,3.8,1.75,330,6.1,1.75,3,0
330,6.1,1.75,330,9.15,1.75,3,0
330,9.15,1.75,330,12.2,1.75,3,0
330,12.2,1.75,330,15.25,1.75,3,0
330,15.25,1.75,330,18.3,1.75,3,0
330,18.3,1.75,330,21.35,1.75,3,0
330,21.35,1.75,330,24.4,1.75,3,0
330,24.4,1.75,330,26.7,1.75,3,0
330,26.7,1.75,330,29,1.75,3,0
330,29,1.75,330,30.5,1.75,3,0
330,30.5,1.75,330,32,1.75,3,0
330,32,1.75,330,33.5,1.75,3,0
337.5,0,1.75,337.5,1.5,1.75,3,0
337.5,1.5,1.75,337.5,3.8,1.75,3,0
337.5,3.8,1.75,337.5,6.1,1.75,3,0
337.5,6.1,1.75,337.5,9.15,1.75,3,0
337.5,9.15,1.75,337.5,12.2,1.75,3,0
337.5,12.2,1.75,337.5,15.25,1.75,3,0
337.5,15.25,1.75,337.5,18.3,1.75,3,0
337.5,18.3,1.75,337.5,21.35,1.75,3,0
337.5,21.35,1.75,337.5,24.4,1.75,3,0
337.5,24.4,1.75,337.5,26.7,1.75,3,0
337.5,26.7,1.75,337.5,29,1.75,3,0
337.5,29,1.75,337.5,30.5,1.75,3,0
337.5,30.5,1.75,337.5,32,1.75,3,0
337.5,32,1.75,337.5,33.5,1.75,3,0
345,0,1.75,345,1.5,1.75,3,0
345,1.5,1.75,345,3.8,1.75,3,0
345,3.8,1.75,345,6.1,1.75,3,0
345,6.1,1.75,345,9.15,1.75,3,0
345,9.15,1.75,345,12.2,1.75,3,0
345,12.2,1.75,345,15.25,1.75,3,0
345,15.25,1.75,345,18.3,1.75,3,0
345,18.3,1.75,345,21.35,1.75,3,0
345,21.35,1.75,345,24.4,1.75,3,0
345,24.4,1.75,345,26.7,1.75,3,0
345,26.7,1.75,345,29,1.75,3,0
345,29,1.75,345,30.5,1.75,3,0
345,30.5,1.75,345,32,1.75,3,0
345,32,1.75,345,33.5,1.75,3,0
352.5,0,1.75,352.5,1.5,1.75,3,0
352.5,1.5,1.75,352.5,3.8,1.75,3,0
352.5,3.8,1.75,352.5,6.1,1.75,3,0
352.5,6.1,1.75,352.5,9.15,1.75,3,0
352.5,9.15,1.75,352.5,12.2,1.75,3,0
352.5,12.2,1.75,352.5,15.25,1.75,3,0
352.5,15.25,1.75,352.5,18.3,1.75,3,0
352.5,18.3,1.75,352.5,21.35,1.75,3,0
352.5,21.35,1.75,352.5,24.4,1.75,3,0
352.5,24.4,1.75,352.5,26.7,1.75,3,0
352.5,26.7,1.75,352.5,29,1.75,3,0
352.5,29,1.75,352.5,30.5,1.75,3,0
352.5,30.5,1.75,352.5,32,1.75,3,0
352.5,32,1.75,352.5,33.5,1.75,3,0
360,0,1.75,360,1.5,1.75,3,0
360,1.5,1.75,360,3.8,1.75,3,0
360,3.8,1.75,360,6.1,1.75,3,0
360,6.1,1.75,360,9.15,1.75,3,0
360,9.15,1.75,360,12.2,1.75,3,0
360,12.2,1.75,360,15.25,1.75,3,0
360,15.25,1.75,360,18.3,1.75,3,0
360,18.3,1.75,360,21.35,1.75,3,0
360,21.35,1.75,360,24.4,1.75,3,0
360,24.4,1.75,360,26.7,1.75,3,0
360,26.7,1.75,360,29,1.75,3,0
360,29,1.75,360,30.5,1.75,3,0
360,30.5,1.75,360,32,1.75,3,0
360,32,1.75,360,33.5,1.75,3,0
367.5,0,1.75,367.5,1.5,1.75,3,0
367.5,1.5,1.75,367.5,3.8,1.75,3,0
367.5,3.8,1.75,367.5,6.1,1.75,3,0
367.5,6.1,1.75,367.5,9.15,1.75,3,0
367.5,9.15,1.75,367.5,12.2,1.75,3,0
367.5,12.2,1.75,367.5,15.25,1.75,3,0
367.5,15.25,1.75,367.5,18.3,1.75,3,0
367.5,18.3,1.75,367.5,21.35,1.75,3,0
367.5,21.35,1.75,367.5,24.4,1.75,3,0
367.5,24.4,1.75,367.5,26.7,1.75,3,0
367.5,26.7,1.75,367.5,29,1.75,3,0
367.5,29,1.75,367.5,30.5,1.75,3,0
367.5,30.5,1.75,367.5,32,1.75,3,0
367.5,32,1.75,367.5,33.5,1.75,3,0
375,0,1.75,375,1.5,1.75,3,0
375,1.5,1.75,375,3.8,1.75,3,0
375,3.8,1.75,375,6.1,1.75,3,0
375,6.1,1.75,375,9.15,1.75,3,0
375,9.15,1.75,375,12.2,1.75,3,0
375,12.2,1.75,375,15.25,1.75,3,0
375,15.25,1.75,375,18.3,1.75,3,0
375,18.3,1.75,375,21.35,1.75,3,0
375,21.35,1.75,375,24.4,1.75,3,0
375,24.4,1.75,375,26.7,1.75,3,0
375,26.7,1.75,375,29,1.75,3,0
375,29,1.75,375,30.5,1.75,3,0
375,30.5,1.75,375,32,1.75,3,0
375,32,1.75,375,33.5,1.75,3,0
382.5,0,1.75,382.5,1.5,1.75,3,0
382.5,1.5,1.75,382.5,3.8,1.75,3,0
382.5,3.8,1.75,382.5,6.1,1.75,3,0
382.5,6.1,1.75,382.5,9.15,1.75,3,0
382.5,9.15,1.75,382.5,12.2,1.75,3,0
382.5,12.2,1.75,382.5,15.25,1.75,3,0
382.5,15.25,1.75,382.5,18.3,1.75,3,0
382.5,18.3,1.75,382.5,21.35,1.75,3,0
382.5,21.35,1.75,382.5,24.4,1.75,3,0
382.5,24.4,1.75,382.5,26.7,1.75,3,0
382.5,26.7,1.75,382.5,29,1.75,3,0
382.5,29,1.75,382.5,30.5,1.75,3,0
382.5,30.5,1.75,382.5,32,1.75,3,0
382.5,32,1.75,382.5,33.5,1.75,3,0
390,0,1.75,390,1.5,1.75,3,0
390,1.5,1.75,390,3.8,1.75,3,0
390,3.8,1.75,390,6.1,1.75,3,0
390,6.1,1.75,390,9.15,1.75,3,0
390,9.15,1.75,390,12.2,1.75,3,0
390,12.2,1.75,390,15.25,1.75,3,0
390,15.25,1.75,390,18.3,1.75,3,0
390,18.3,1.75,390,21.35,1.75,3,0
390,21.35,1.75,390,24.4,1.75,3,0
390,24.4,1.75,390,26.7,1.75,3,0
390,26.7,1.75,390,29,1.75,3,0
390,29,1.75,390,30.5,1.75,3,0
390,30.5,1.75,390,32,1.75,3,0
390,32,1.75,390,33.5,1.75,3,0
397.5,0,1.75,397.5,1.5,1.75,3,0
397.5,1.5,1.75,397.5,3.8,1.75,3,0
397.5,3.8,1.75,397.5,6.1,1.75,3,0
397.5,6.1,1.75,397.5,9.15,1.75,3,0
397.5,9.15,1.75,397.5,12.2,1.75,3,0
397.5,12.2,1.75,397.5,15.25,1.75,3,0
397.5,15.25,1.75,397.5,18.3,1.75,3,0
397.5,18.3,1.75,397.5,21.35,1.75,3,0
397.5,21.35,1.75,397.5,24.4,1.75,3,0
397.5,24.4,1.75,397.5,26.7,1.75,3,0
397.5,26.7,1.75,397.5,29,1.75,3,0
397.5,29,1.75,397.5,30.5,1.75,3,0
397.5,30.5,1.75,397.5,32,1.75,3,0
397.5,32,1.75,397.5,33.5,1.75,3,0
405,0,1.75,405,1.5,1.75,3,0
405,1.5,1.75,405,3.8,1.75,3,0
405,3.8,1.75,405,6.1,1.75,3,0
405,6.1,1.75,405,9.15,1.75,3,0
405,9.15,1.75,405,12.2,1.75,3,0
405,12.2,1.75,405,15.25,1.75,3,0
405,15.25,1.75,405,18.3,1.75,3,0
405,18.3,1.75,405,21.35,1.75,3,0
405,21.35,1.75,405,24.4,1.75,3,0
405,24.4,1.75,405,26.7,1.75,3,0
405,26.7,1.75,405,29,1.75,3,0
405,29,1.75,405,30.5,1.75,3,0
405,30.5,1.75,405,32,1.75,3,0
405,32,1.75,405,33.5,1.75,3,0
412.5,0,1.75,412.5,1.5,1.75,3,0
412.5,1.5,1.75,412.5,3.8,1.75,3,0
412.5,3.8,1.75,412.5,6.1,1.75,3,0
412.5,6.1,1.75,412.5,9.15,1.75,3,0
412.5,9.15,1.75,412.5,12.2,1.75,3,0
412.5,12.2,1.75,412.5,15.25,1.75,3,0
412.5,15.25,1.75,412.5,18.3,1.75,3,0
412.5,18.3,1.75,412.5,21.35,1.75,3,0
412.5,21.35,1.75,412.5,24.4,1.75,3,0
412.5,24.4,1.75,412.5,26.7,1.75,3,0
412.5,26.7,1.75,412.5,29,1.75,3,0
412.5,29,1.75,412.5,30.5,1.75,3,0
412.5,30.5,1.75,412.5,32,1.75,3,0
412.5,32,1.75,412.5,33.5,1.75,3,0
420,0,1.75,420,1.5,1.75,3,0
420,1.5,1.75,420,3.8,1.75,3,0
420,3.8,1.75,420,6.1,1.75,3,0
420,6.1,1.75,420,9.15,1.75,3,0
420,9.15,1.75,420,12.2,1.75,3,0
420,12.2,1.75,420,15.25,1.75,3,0
420,15.25,1.75,420,18.3,1.75,3,0
420,18.3,1.75,420,21.35,1.75,3,0
420,21.35,1.75,420,24.4,1.75,3,0
420,24.4,1.75,420,26.7,1.75,3,0
420,26.7,1.75,420,29,1.75,3,0
420,29,1.75,420,30.5,1.75,3,0
420,30.5,1.75,420,32,1.75,3,0
420,32,1.75,420,33.5,1.75,3,0
427.5,0,1.75,427.5,1.5,1.75,3,0
427.5,1.5,1.75,427.5,3.8,1.75,3,0
427.5,3.8,1.75,427.5,6.1,1.75,3,0
427.5,6.1,1.75,427.5,9.15,1.75,3,0
427.5,9.15,1.75,427.5,12.2,1.75,3,0
427.5,12.2,1.75,427.5,15.25,1.75,3,0
427.5,15.25,1.75,427.5,18.3,1.75,3,0
427.5,18.3,1.75,427.5,21.35,1.75,3,0
427.5,21.35,1.75,427.5,24.4,1.75,3,0
427.5,24.4,1.75,427.5,26.7,1.75,3,0
427.5,26.7,1.75,427.5,29,1.75,3,0
427.5,29,1.75,427.5,30.5,1.75,3,0
427.5,30.5,1.75,427.5,32,1.75,3,0
427.5,32,1.75,427.5,33.5,1.75,3,0
435,0,1.75,435,1.5,1.75,3,0
435,1.5,1.75,435,3.8,1.75,3,0
435,3.8,1.75,435,6.1,1.75,3,0
435,6.1,1.75,435,9.15,1.75,3,0
435,9.15,1.75,435,12.2,1.75,3,0
435,12.2,1.75,435,15.25,1.75,3,0
435,15.25,1.75,435,18.3,1.75,3,0
435,18.3,1.75,435,21.35,1.75,3,0
435,21.35,1.75,435,24.4,1.75,3,0
435,24.4,1.75,435,26.7,1.75,3,0
435,26.7,1.75,435,29,1.75,3,0
435,29,1.75,435,30.5,1.75,3,0
435,30.5,1.75,435,32,1.75,3,0
435,32,1.75,435,33.5,1.75,3,0
442.5,0,1.75,442.5,1.5,1.75,3,0
442.5,1.5,1.75,442.5,3.8,1.75,3,0
442.5,3.8,1.75,442.5,6.1,1.75,3,0
442.5,6.1,1.75,442.5,9.15,1.75,3,0
442.5,9.15,1.75,442.5,12.2,1.75,3,0
442.5,12.2,1.75,442.5,15.25,1.75,3,0
442.5,15.25,1.75,442.5,18.3,1.75,3,0
442.5,18.3,1.75,442.5,21.35,1.75,3,0
442.5,21.35,1.75,442.5,24.4,1.75,3,0
442.5,24.4,1.75,442.5,26.7,1.75,3,0
442.5,26.7,1.75,442.5,29,1.75,3,0
442.5,29,1.75,442.5,30.5,1.75,3,0
442.5,30.5,1.75,442.5,32,1.75,3,0
442.5,32,1.75,442.5,33.5,1.75,3,0
450,0,1.75,450,1.5,1.75,3,0
450,1.5,1.75,450,3.8,1.75,3,0
450,3.8,1.75,450,6.1,1.75,3,0
450,6.1,1.75,450,9.15,1.75,3,0
450,9.15,1.75,450,12.2,1.75,3,0
450,12.2,1.75,450,15.25,1.75,3,0
450,15.25,1.75,450,18.3,1.75,3,0
450,18.3,1.75,450,21.35,1.75,3,0
450,21.35,1.75,450,24.4,1.75,3,0
450,24.4,1.75,450,26.7,1.75,3,0
450,26.7,1.75,450,29,1.75,3,0
450,29,1.75,450,30.5,1.75,3,0
450,30.5,1.75,450,32,1.75,3,0
450,32,1.75,450,33.5,1.75,3,0
457.5,0,1.75,457.5,1.5,1.75,3,0
457.5,1.5,1.75,457.5,3.8,1.75,3,0
457.5,3.8,1.75,457.5,6.1,1.75,3,0
457.5,6.1,1.75,457.5,9.15,1.75,3,0
457.5,9.15,1.75,457.5,12.2,1.75,3,0
457.5,12.2,1.75,457.5,15.25,1.75,3,0
457.5,15.25,1.75,457.5,18.3,1.75,3,0
457.5,18.3,1.75,457.5,21.35,1.75,3,0
457.5,21.35,1.75,457.5,24.4,1.75,3,0
457.5,24.4,1.75,457.5,26.7,1.75,3,0
457.5,26.7,1.75,457.5,29,1.75,3,0
457.5,29,1.75,457.5,30.5,1.75,3,0
457.5,30.5,1.75,457.5,32,1.75,3,0
457.5,32,1.75,457.5,33.5,1.75,3,0
465,0,1.75,465,1.5,1.75,3,0
465,1.5,1.75,465,3.8,1.75,3,0
465,3.8,1.75,465,6.1,1.75,3,0
465,6.1,1.75,465,9.15,1.75,3,0
465,9.15,1.75,465,12.2,1.75,3,0
465,12.2,1.75,465,15.25,1.75,3,0
465,15.25,1.75,465,18.3,1.75,3,0
465,18.3,1.75,465,21.35,1.75,3,0
465,21.35,1.75,465,24.4,1.75,3,0
465,24.4,1.75,465,26.7,1.75,3,0
465,26.7,1.75,465,29,1.75,3,0
465,29,1.75,465,30.5,1.75,3,0
465,30.5,1.75,465,32,1.75,3,0
465,32,1.75,465,33.5,1.75,3,0
472.5,0,1.75,472.5,1.5,1.75,3,0
472.5,1.5,1.75,472.5,3.8,1.75,3,0
472.5,3.8,1.75,472.5,6.1,1.75,3,0
472.5,6.1,1.75,472.5,9.15,1.75,3,0
472.5,9.15,1.75,472.5,12.2,1.75,3,0
472.5,12.2,1.75,472.5,15.25,1.75,3,0
472.5,15.25,1.75,472.5,18.3,1.75,3,0
472.5,18.3,1.75,472.5,21.35,1.75,3,0
472.5,21.35,1.75,472.5,24.4,1.75,3,0
472.5,24.4,1.75,472.5,26.7,1.75,3,0
472.5,26.7,1.75,472.5,29,1.75,3,0
472.5,29,1.75,472.5,30.5,1.75,3,0
472.5,30.5,1.75,472.5,32,1.75,3,0
472.5,32,1.75,472.5,33.5,1.75,3,0
480,0,1.75,480,1.5,1.75,3,0
480,1.5,1.75,480,3.8,1.75,3,0
480,3.8,1.75,480,6.1,1.75,3,0
480,6.1,1.75,480,9.15,1.75,3,0
480,9.15,1.75,480,12.2,1.75,3,0
480,12.2,1.75,480,15.25,1.75,3,0
480,15.25,1.75,480,18.3,1.75,3,0
480,18.3,1.75,480,21.35,1.75,3,0
480,21.35,1.75,480,24.4,1.75,3,0
480,24.4,1.75,480,26.7,1.75,3,0
480,26.7,1.75,480,29,1.75,3,0
480,29,1.75,480,30.5,1.75,3,0
480,30.5,1.75,480,32,1.75,3,0
480,32,1.75,480,33.5,1.75,3,0
487.5,0,1.75,487.5,1.5,1.75,3,0
487.5,1.5,1.75,487.5,3.8,1.75,3,0
487.5,3.8,1.75,487.5,6.1,1.75,3,0
487.5,6.1,1.75,487.5,9.15,1.75,3,0
487.5,9.15,1.75,487.5,12.2,1.75,3,0
487.5,12.2,1.75,487.5,15.25,1.75,3,0
487.5,15.25,1.75,487.5,18.3,1.75,3,0
487.5,18.3,1.75,487.5,21.35,1.75,3,0
487.5,21.35,1.75,487.5,24.4,1.75,3,0
487.5,24.4,1.75,487.5,26.7,1.75,3,0
487.5,26.7,1.75,487.5,29,1.75,3,0
487.5,29,1.75,487.5,30.5,1.75,3,0
487.5,30.5,1.75,487.5,32,1.75,3,0
487.5,32,1.75,487.5,33.5,1.75,3,0
495,0,1.75,495,1.5,1.75,3,0
495,1.5,1.75,495,3.8,1.75,3,0
495,3.8,1.75,495,6.1,1.75,3,0
495,6.1,1.75,495,9.15,1.75,3,0
495,9.15,1.75,495,12.2,1.75,3,0
495,12.2,1.75,495,15.25,1.75,3,0
495,15.25,1.75,495,18.3,1.75,3,0
495,18.3,1.75,495,21.35,1.75,3,0
495,21.35,1.75,495,24.4,1.75,3,0
495,24.4,1.75,495,26.7,1.75,3,0
495,26.7,1.75,495,29,1.75,3,0
495,29,1.75,495,30.5,1.75,3,0
495,30.5,1.75,495,32,1.75,3,0
495,32,1.75,495,33.5,1.75,3,0
502.5,0,1.75,502.5,1.5,1.75,3,0
502.5,1.5,1.75,502.5,3.8,1.75,3,0
502.5,3.8,1.75,502.5,6.1,1.75,3,0
502.5,6.1,1.75,502.5,9.15,1.75,3,0
502.5,9.15,1.75,502.5,12.2,1.75,3,0
502.5,12.2,1.75,502.5,15.25,1.75,3,0
502.5,15.25,1.75,502.5,18.3,1.75,3,0
502.5,18.3,1.75,502.5,21.35,1.75,3,0
502.5,21.35,1.75,502.5,24.4,1.75,3,0
502.5,24.4,1.75,502.5,26.7,1.75,3,0
502.5,26.7,1.75,502.5,29,1.75,3,0
502.5,29,1.75,502.5,30.5,1.75,3,0
502.5,30.5,1.75,502.5,32,1.75,3,0
502.5,32,1.75,502.5,33.5,1.75,3,0
510,0,1.75,510,1.5,1.75,3,0
510,1.5,1.75,510,3.8,1.75,3,0
510,3.8,1.75,510,6.1,1.75,3,0
510,6.1,1.75,510,9.15,1.75,3,0
510,9.15,1.75,510,12.2,1.75,3,0
510,12.2,1.75,510,15.25,1.75,3,0
510,15.25,1.75,510,18.3,1.75,3,0
510,18.3,1.75,510,21.35,1.75,3,0
510,21.35,1.75,510,24.4,1.75,3,0
510,24.4,1.75,510,26.7,1.75,3,0
510,26.7,1.75,510,29,1.75,3,0
510,29,1.75,510,30.5,1.75,3,0
510,30.5,1.75,510,32,1.75,3,0
510,32,1.75,510,33.5,1.75,3,0
517.5,0,1.75,517.5,1.5,1.75,3,0
517.5,1.5,1.75,517.5,3.8,1.75,3,0
517.5,3.8,1.75,517.5,6.1,1.75,3,0
517.5,6.1,1.75,517.5,9.15,1.75,3,0
517.5,9.15,1.75,517.5,12.2,1.75,3,0
517.5,12.2,1.75,517.5,15.25,1.75,3,0
517.5,15.25,1.75,517.5,18.3,1.75,3,0
517.5,18.3,1.75,517.5,21.35,1.75,3,0
517.5,21.35,1.75,517.5,24.4,1.75,3,0
517.5,24.4,1.75,517.5,26.7,1.75,3,0
517.5,26.7,1.75,517.5,29,1.75,3,0
517.5,29,1.75,517.5,30.5,1.75,3,0
517.5,30.5,1.75,517.5,32,1.75,3,0
517.5,32,1.75,517.5,33.5,1.75,3,0
525,0,1.75,525,1.5,1.75,3,0
525,1.5,1.75,525,3.8,1.75,3,0
525,3.8,1.75,525,6.1,1.75,3,0
525,6.1,1.75,525,9.15,1.75,3,0
525,9.15,1.75,525,12.2,1.75,3,0
525,12.2,1.75,525,15.25,1.75,3,0
525,15.25,1.75,525,18.3,1.75,3,0
525,18.3,1.75,525,21.35,1.75,3,0
525,21.35,1.75,525,24.4,1.75,3,0
525,24.4,1.75,525,26.7,1.75,3,0
525,26.7,1.75,525,29,1.75,3,0
525,29,1.75,525,30.5,1.75,3,0
525,30.5,1.75,525,32,1.75,3,0
525,32,1.75,525,33.5,1.75,3,0
532.5,0,1.75,532.5,1.5,1.75,3,0
532.5,1.5,1.75,532.5,3.8,1.75,3,0
532.5,3.8,1.75,532.5,6.1,1.75,3,0
532.5,6.1,1.75,532.5,9.15,1.75,3,0
532.5,9.15,1.75,532.5,12.2,1.75,3,0
532.5,12.2,1.75,532.5,15.25,1.75,3,0
532.5,15.25,1.75,532.5,18.3,1.75,3,0
532.5,18.3,1.75,532.5,21.35,1.75,3,0
532.5,21.35,1.75,532.5,24.4,1.75,3,0
532.5,24.4,1.75,532.5,26.7,1.75,3,0
532.5,26.7,1.75,532.5,29,1.75,3,0
532.5,29,1.75,532.5,30.5,1.75,3,0
532.5,30.5,1.75,532.5,32,1.75,3,0
532.5,32,1.75,532.5,33.5,1.75,3,0
540,0,1.75,540,1.5,1.75,3,0
540,1.5,1.75,540,3.8,1.75,3,0
540,3.8,1.75,540,6.1,1.75,3,0
540,6.1,1.75,540,9.15,1.75,3,0
540,9.15,1.75,540,12.2,1.75,3,0
540,12.2,1.75,540,15.25,1.75,3,0
540,15.25,1.75,540,18.3,1.75,3,0
540,18.3,1.75,540,21.35,1.75,3,0
540,21.35,1.75,540,24.4,1.75,3,0
540,24.4,1.75,540,26.7,1.75,3,0
540,26.7,1.75,540,29,1.75,3,0
540,29,1.75,540,30.5,1.75,3,0
540,30.5,1.75,540,32,1.75,3,0
540,32,1.75,540,33.5,1.75,3,0
547.5,0,1.75,547.5,1.5,1.75,3,0
547.5,1.5,1.75,547.5,3.8,1.75,3,0
547.5,3.8,1.75,547.5,6.1,1.75,3,0
547.5,6.1,1.75,547.5,9.15,1.75,3,0
547.5,9.15,1.75,547.5,12.2,1.75,3,0
547.5,12.2,1.75,547.5,15.25,1.75,3,0
547.5,15.25,1.75,547.5,18.3,1.75,3,0
547.5,18.3,1.75,547.5,21.35,1.75,3,0
547.5,21.35,1.75,547.5,24.4,1.75,3,0
547.5,24.4,1.75,547.5,26.7,1.75,3,0
547.5,26.7,1.75,547.5,29,1.75,3,0
547.5,29,1.75,547.5,30.5,1.75,3,0
547.5,30.5,1.75,547.5,32,1.75,3,0
547.5,32,1.75,547.5,33.5,1.75,3,0
555,0,1.75,555,1.5,1.75,3,0
555,1.5,1.75,555,3.8,1.75,3,0
555,3.8,1.75,555,6.1,1.75,3,0
555,6.1,1.75,555,9.15,1.75,3,0
555,9.15,1.75,555,12.2,1.75,3,0
555,12.2,1.75,555,15.25,1.75,3,0
555,15.25,1.75,555,18.3,1.75,3,0
555,18.3,1.75,555,21.35,1.75,3,0
555,21.35,1.75,555,24.4,1.75,3,0
555,24.4,1.75,555,26.7,1.75,3,0
555,26.7,1.75,555,29,1.75,3,0
555,29,1.75,555,30.5,1.75,3,0
555,30.5,1.75,555,32,1.75,3,0
555,32,1.75,555,33.5,1.75,3,0
562.5,0,1.75,562.5,1.5,1.75,3,0
562.5,1.5,1.75,562.5,3.8,1.75,3,0
562.5,3.8,1.75,562.5,6.1,1.75,3,0
562.5,6.1,1.75,562.5,9.15,1.75,3,0
562.5,9.15,1.75,562.5,12.2,1.75,3,0
562.5,12.2,1.75,562.5,15.25,1.75,3,0
562.5,15.25,1.75,562.5,18.3,1.75,3,0
562.5,18.3,1.75,562.5,21.35,1.75,3,0
562.5,21.35,1.75,562.5,24.4,1.75,3,0
562.5,24.4,1.75,562.5,26.7,1.75,3,0
562.5,26.7,1.75,562.5,29,1.75,3,0
562.5,29,1.75,562.5,30.5,1.75,3,0
562.5,30.5,1.75,562.5,32,1.75,3,0
562.5,32,1.75,562.5,33.5,1.75,3,0
570,0,1.75,570,1.5,1.75,3,0
570,1.5,1.75,570,3.8,1.75,3,0
570,3.8,1.75,570,6.1,1.75,3,0
570,6.1,1.75,570,9.15,1.75,3,0
570,9.15,1.75,570,12.2,1.75,3,0
570,12.2,1.75,570,15.25,1.75,3,0
570,15.25,1.75,570,18.3,1.75,3,0
570,18.3,1.75,570,21.35,1.75,3,0
570,21.35,1.75,570,24.4,1.75,3,0
570,24.4,1.75,570,26.7,1.75,3,0
570,26.7,1.75,570,29,1.75,3,0
570,29,1.75,570,30.5,1.75,3,0
570,30.5,1.75,570,32,1.75,3,0
570,32,1.75,570,33.5,1.75,3,0
577.5,0,1.75,577.5,1.5,1.75,3,0
577.5,1.5,1.75,577.5,3.8,1.75,3,0
577.5,3.8,1.75,577.5,6.1,1.75,3,0
577.5,6.1,1.75,577.5,9.15,1.75,3,0
577.5,9.15,1.75,577.5,12.2,1.75,3,0
577.5,12.2,1.75,577.5,15.25,1.75,3,0
577.5,15.25,1.75,577.5,18.3,1.75,3,0
577.5,18.3,1.75,577.5,21.35,1.75,3,0
577.5,21.35,1.75,577.5,24.4,1.75,3,0
577.5,24.4,1.75,577.5,26.7,1.75,3,0
577.5,26.7,1.75,577.5,29,1.75,3,0
577.5,29,1.75,577.5,30.5,1.75,3,0
577.5,30.5,1.75,577.5,32,1.75,3,0
577.5,32,1.75,577.5,33.5,1.75,3,0
585,0,1.75,585,1.5,1.75,3,0
585,1.5,1.75,585,3.8,1.75,3,0
585,3.8,1.75,585,6.1,1.75,3,0
585,6.1,1.75,585,9.15,1.75,3,0
585,9.15,1.75,585,12.2,1.75,3,0
585,12.2,1.75,585,15.25,1.75,3,0
585,15.25,1.75,585,18.3,1.75,3,0
585,18.3,1.75,585,21.35,1.75,3,0
585,21.35,1.75,585,24.4,1.75,3,0
585,24.4,1.75,585,26.7,1.75,3,0
585,26.7,1.75,585,29,1.75,3,0
585,29,1.75,585,30.5,1.75,3,0
585,30.5,1.75,585,32,1.75,3,0
585,32,1.75,585,33.5,1.75,3,0
592.5,0,1.75,592.5,1.5,1.75,3,0
592.5,1.5,1.75,592.5,3.8,1.75,3,0
592.5,3.8,1.75,592.5,6.1,1.75,3,0
592.5,6.1,1.75,592.5,9.15,1.75,3,0
592.5,9.15,1.75,592.5,12.2,1.75,3,0
592.5,12.2,1.75,592.5,15.25,1.75,3,0
592.5,15.25,1.75,592.5,18.3,1.75,3,0
592.5,18.3,1.75,592.5,21.35,1.75,3,0
592.5,21.35,1.75,592.5,24.4,1.75,3,0
592.5,24.4,1.75,592.5,26.7,1.75,3,0
592.5,26.7,1.75,592.5,29,1.75,3,0
592.5,29,1.75,592.5,30.5,1.75,3,0
592.5,30.5,1.75,592.5,32,1.75,3,0
592.5,32,1.75,592.5,33.5,1.75,3,0
600,0,1.75,600,1.5,1.75,3,0
600,1.5,1.75,600,3.8,1.75,3,0
600,3.8,1.75,600,6.1,1.75,3,0
600,6.1,1.75,600,9.15,1.75,3,0
600,9.15,1.75,600,12.2,1.75,3,0
600,12.2,1.75,600,15.25,1.75,3,0
600,15.25,1.75,600,18.3,1.75,3,0
600,18.3,1.75,600,21.35,1.75,3,0
600,21.35,1.75,600,24.4,1.75,3,0
600,24.4,1.75,600,26.7,1.75,3,0
600,26.7,1.75,600,29,1.75,3,0
600,29,1.75,600,30.5,1.75,3,0
600,30.5,1.75,600,32,1.75,3,0
600,32,1.75,600,33.5,1.75,3,0
