PROYECTO:TESIS-ESCALAMIENTO_DE_SEÑALES_SISMICAS_EN_MUELLES
AUTOR: ING. JUAN CARLOS PANTOJA
ARCHIVO: MUELLE 2:1 - 630m
DESCRIPCIÓN: FRAMES DE VIGAS GRUA
RECUENTO: 480 ELTOS


0,0,1.75,2.5,0,1.75,3,0
2.5,0,1.75,5,0,1.75,3,0
5,0,1.75,7.5,0,1.75,3,0
7.5,0,1.75,10,0,1.75,3,0
10,0,1.75,12.5,0,1.75,3,0
12.5,0,1.75,15,0,1.75,3,0
15,0,1.75,17.5,0,1.75,3,0
17.5,0,1.75,20,0,1.75,3,0
20,0,1.75,22.5,0,1.75,3,0
22.5,0,1.75,25,0,1.75,3,0
25,0,1.75,27.5,0,1.75,3,0
27.5,0,1.75,30,0,1.75,3,0
30,0,1.75,32.5,0,1.75,3,0
32.5,0,1.75,35,0,1.75,3,0
35,0,1.75,37.5,0,1.75,3,0
37.5,0,1.75,40,0,1.75,3,0
40,0,1.75,42.5,0,1.75,3,0
42.5,0,1.75,45,0,1.75,3,0
45,0,1.75,47.5,0,1.75,3,0
47.5,0,1.75,50,0,1.75,3,0
50,0,1.75,52.5,0,1.75,3,0
52.5,0,1.75,55,0,1.75,3,0
55,0,1.75,57.5,0,1.75,3,0
57.5,0,1.75,60,0,1.75,3,0
60,0,1.75,62.5,0,1.75,3,0
62.5,0,1.75,65,0,1.75,3,0
65,0,1.75,67.5,0,1.75,3,0
67.5,0,1.75,70,0,1.75,3,0
70,0,1.75,72.5,0,1.75,3,0
72.5,0,1.75,75,0,1.75,3,0
75,0,1.75,77.5,0,1.75,3,0
77.5,0,1.75,80,0,1.75,3,0
80,0,1.75,82.5,0,1.75,3,0
82.5,0,1.75,85,0,1.75,3,0
85,0,1.75,87.5,0,1.75,3,0
87.5,0,1.75,90,0,1.75,3,0
90,0,1.75,92.5,0,1.75,3,0
92.5,0,1.75,95,0,1.75,3,0
95,0,1.75,97.5,0,1.75,3,0
97.5,0,1.75,100,0,1.75,3,0
100,0,1.75,102.5,0,1.75,3,0
102.5,0,1.75,105,0,1.75,3,0
105,0,1.75,107.5,0,1.75,3,0
107.5,0,1.75,110,0,1.75,3,0
110,0,1.75,112.5,0,1.75,3,0
112.5,0,1.75,115,0,1.75,3,0
115,0,1.75,117.5,0,1.75,3,0
117.5,0,1.75,120,0,1.75,3,0
120,0,1.75,122.5,0,1.75,3,0
122.5,0,1.75,125,0,1.75,3,0
125,0,1.75,127.5,0,1.75,3,0
127.5,0,1.75,130,0,1.75,3,0
130,0,1.75,132.5,0,1.75,3,0
132.5,0,1.75,135,0,1.75,3,0
135,0,1.75,137.5,0,1.75,3,0
137.5,0,1.75,140,0,1.75,3,0
140,0,1.75,142.5,0,1.75,3,0
142.5,0,1.75,145,0,1.75,3,0
145,0,1.75,147.5,0,1.75,3,0
147.5,0,1.75,150,0,1.75,3,0
150,0,1.75,152.5,0,1.75,3,0
152.5,0,1.75,155,0,1.75,3,0
155,0,1.75,157.5,0,1.75,3,0
157.5,0,1.75,160,0,1.75,3,0
160,0,1.75,162.5,0,1.75,3,0
162.5,0,1.75,165,0,1.75,3,0
165,0,1.75,167.5,0,1.75,3,0
167.5,0,1.75,170,0,1.75,3,0
170,0,1.75,172.5,0,1.75,3,0
172.5,0,1.75,175,0,1.75,3,0
175,0,1.75,177.5,0,1.75,3,0
177.5,0,1.75,180,0,1.75,3,0
180,0,1.75,182.5,0,1.75,3,0
182.5,0,1.75,185,0,1.75,3,0
185,0,1.75,187.5,0,1.75,3,0
187.5,0,1.75,190,0,1.75,3,0
190,0,1.75,192.5,0,1.75,3,0
192.5,0,1.75,195,0,1.75,3,0
195,0,1.75,197.5,0,1.75,3,0
197.5,0,1.75,200,0,1.75,3,0
200,0,1.75,202.5,0,1.75,3,0
202.5,0,1.75,205,0,1.75,3,0
205,0,1.75,207.5,0,1.75,3,0
207.5,0,1.75,210,0,1.75,3,0
210,0,1.75,212.5,0,1.75,3,0
212.5,0,1.75,215,0,1.75,3,0
215,0,1.75,217.5,0,1.75,3,0
217.5,0,1.75,220,0,1.75,3,0
220,0,1.75,222.5,0,1.75,3,0
222.5,0,1.75,225,0,1.75,3,0
225,0,1.75,227.5,0,1.75,3,0
227.5,0,1.75,230,0,1.75,3,0
230,0,1.75,232.5,0,1.75,3,0
232.5,0,1.75,235,0,1.75,3,0
235,0,1.75,237.5,0,1.75,3,0
237.5,0,1.75,240,0,1.75,3,0
240,0,1.75,242.5,0,1.75,3,0
242.5,0,1.75,245,0,1.75,3,0
245,0,1.75,247.5,0,1.75,3,0
247.5,0,1.75,250,0,1.75,3,0
250,0,1.75,252.5,0,1.75,3,0
252.5,0,1.75,255,0,1.75,3,0
255,0,1.75,257.5,0,1.75,3,0
257.5,0,1.75,260,0,1.75,3,0
260,0,1.75,262.5,0,1.75,3,0
262.5,0,1.75,265,0,1.75,3,0
265,0,1.75,267.5,0,1.75,3,0
267.5,0,1.75,270,0,1.75,3,0
270,0,1.75,272.5,0,1.75,3,0
272.5,0,1.75,275,0,1.75,3,0
275,0,1.75,277.5,0,1.75,3,0
277.5,0,1.75,280,0,1.75,3,0
280,0,1.75,282.5,0,1.75,3,0
282.5,0,1.75,285,0,1.75,3,0
285,0,1.75,287.5,0,1.75,3,0
287.5,0,1.75,290,0,1.75,3,0
290,0,1.75,292.5,0,1.75,3,0
292.5,0,1.75,295,0,1.75,3,0
295,0,1.75,297.5,0,1.75,3,0
297.5,0,1.75,300,0,1.75,3,0
300,0,1.75,302.5,0,1.75,3,0
302.5,0,1.75,305,0,1.75,3,0
305,0,1.75,307.5,0,1.75,3,0
307.5,0,1.75,310,0,1.75,3,0
310,0,1.75,312.5,0,1.75,3,0
312.5,0,1.75,315,0,1.75,3,0
315,0,1.75,317.5,0,1.75,3,0
317.5,0,1.75,320,0,1.75,3,0
320,0,1.75,322.5,0,1.75,3,0
322.5,0,1.75,325,0,1.75,3,0
325,0,1.75,327.5,0,1.75,3,0
327.5,0,1.75,330,0,1.75,3,0
330,0,1.75,332.5,0,1.75,3,0
332.5,0,1.75,335,0,1.75,3,0
335,0,1.75,337.5,0,1.75,3,0
337.5,0,1.75,340,0,1.75,3,0
340,0,1.75,342.5,0,1.75,3,0
342.5,0,1.75,345,0,1.75,3,0
345,0,1.75,347.5,0,1.75,3,0
347.5,0,1.75,350,0,1.75,3,0
350,0,1.75,352.5,0,1.75,3,0
352.5,0,1.75,355,0,1.75,3,0
355,0,1.75,357.5,0,1.75,3,0
357.5,0,1.75,360,0,1.75,3,0
360,0,1.75,362.5,0,1.75,3,0
362.5,0,1.75,365,0,1.75,3,0
365,0,1.75,367.5,0,1.75,3,0
367.5,0,1.75,370,0,1.75,3,0
370,0,1.75,372.5,0,1.75,3,0
372.5,0,1.75,375,0,1.75,3,0
375,0,1.75,377.5,0,1.75,3,0
377.5,0,1.75,380,0,1.75,3,0
380,0,1.75,382.5,0,1.75,3,0
382.5,0,1.75,385,0,1.75,3,0
385,0,1.75,387.5,0,1.75,3,0
387.5,0,1.75,390,0,1.75,3,0
390,0,1.75,392.5,0,1.75,3,0
392.5,0,1.75,395,0,1.75,3,0
395,0,1.75,397.5,0,1.75,3,0
397.5,0,1.75,400,0,1.75,3,0
400,0,1.75,402.5,0,1.75,3,0
402.5,0,1.75,405,0,1.75,3,0
405,0,1.75,407.5,0,1.75,3,0
407.5,0,1.75,410,0,1.75,3,0
410,0,1.75,412.5,0,1.75,3,0
412.5,0,1.75,415,0,1.75,3,0
415,0,1.75,417.5,0,1.75,3,0
417.5,0,1.75,420,0,1.75,3,0
420,0,1.75,422.5,0,1.75,3,0
422.5,0,1.75,425,0,1.75,3,0
425,0,1.75,427.5,0,1.75,3,0
427.5,0,1.75,430,0,1.75,3,0
430,0,1.75,432.5,0,1.75,3,0
432.5,0,1.75,435,0,1.75,3,0
435,0,1.75,437.5,0,1.75,3,0
437.5,0,1.75,440,0,1.75,3,0
440,0,1.75,442.5,0,1.75,3,0
442.5,0,1.75,445,0,1.75,3,0
445,0,1.75,447.5,0,1.75,3,0
447.5,0,1.75,450,0,1.75,3,0
450,0,1.75,452.5,0,1.75,3,0
452.5,0,1.75,455,0,1.75,3,0
455,0,1.75,457.5,0,1.75,3,0
457.5,0,1.75,460,0,1.75,3,0
460,0,1.75,462.5,0,1.75,3,0
462.5,0,1.75,465,0,1.75,3,0
465,0,1.75,467.5,0,1.75,3,0
467.5,0,1.75,470,0,1.75,3,0
470,0,1.75,472.5,0,1.75,3,0
472.5,0,1.75,475,0,1.75,3,0
475,0,1.75,477.5,0,1.75,3,0
477.5,0,1.75,480,0,1.75,3,0
480,0,1.75,482.5,0,1.75,3,0
482.5,0,1.75,485,0,1.75,3,0
485,0,1.75,487.5,0,1.75,3,0
487.5,0,1.75,490,0,1.75,3,0
490,0,1.75,492.5,0,1.75,3,0
492.5,0,1.75,495,0,1.75,3,0
495,0,1.75,497.5,0,1.75,3,0
497.5,0,1.75,500,0,1.75,3,0
500,0,1.75,502.5,0,1.75,3,0
502.5,0,1.75,505,0,1.75,3,0
505,0,1.75,507.5,0,1.75,3,0
507.5,0,1.75,510,0,1.75,3,0
510,0,1.75,512.5,0,1.75,3,0
512.5,0,1.75,515,0,1.75,3,0
515,0,1.75,517.5,0,1.75,3,0
517.5,0,1.75,520,0,1.75,3,0
520,0,1.75,522.5,0,1.75,3,0
522.5,0,1.75,525,0,1.75,3,0
525,0,1.75,527.5,0,1.75,3,0
527.5,0,1.75,530,0,1.75,3,0
530,0,1.75,532.5,0,1.75,3,0
532.5,0,1.75,535,0,1.75,3,0
535,0,1.75,537.5,0,1.75,3,0
537.5,0,1.75,540,0,1.75,3,0
540,0,1.75,542.5,0,1.75,3,0
542.5,0,1.75,545,0,1.75,3,0
545,0,1.75,547.5,0,1.75,3,0
547.5,0,1.75,550,0,1.75,3,0
550,0,1.75,552.5,0,1.75,3,0
552.5,0,1.75,555,0,1.75,3,0
555,0,1.75,557.5,0,1.75,3,0
557.5,0,1.75,560,0,1.75,3,0
560,0,1.75,562.5,0,1.75,3,0
562.5,0,1.75,565,0,1.75,3,0
565,0,1.75,567.5,0,1.75,3,0
567.5,0,1.75,570,0,1.75,3,0
570,0,1.75,572.5,0,1.75,3,0
572.5,0,1.75,575,0,1.75,3,0
575,0,1.75,577.5,0,1.75,3,0
577.5,0,1.75,580,0,1.75,3,0
580,0,1.75,582.5,0,1.75,3,0
582.5,0,1.75,585,0,1.75,3,0
585,0,1.75,587.5,0,1.75,3,0
587.5,0,1.75,590,0,1.75,3,0
590,0,1.75,592.5,0,1.75,3,0
592.5,0,1.75,595,0,1.75,3,0
595,0,1.75,597.5,0,1.75,3,0
597.5,0,1.75,600,0,1.75,3,0
0,30.5,1.75,2.5,30.5,1.75,3,0
2.5,30.5,1.75,5,30.5,1.75,3,0
5,30.5,1.75,7.5,30.5,1.75,3,0
7.5,30.5,1.75,10,30.5,1.75,3,0
10,30.5,1.75,12.5,30.5,1.75,3,0
12.5,30.5,1.75,15,30.5,1.75,3,0
15,30.5,1.75,17.5,30.5,1.75,3,0
17.5,30.5,1.75,20,30.5,1.75,3,0
20,30.5,1.75,22.5,30.5,1.75,3,0
22.5,30.5,1.75,25,30.5,1.75,3,0
25,30.5,1.75,27.5,30.5,1.75,3,0
27.5,30.5,1.75,30,30.5,1.75,3,0
30,30.5,1.75,32.5,30.5,1.75,3,0
32.5,30.5,1.75,35,30.5,1.75,3,0
35,30.5,1.75,37.5,30.5,1.75,3,0
37.5,30.5,1.75,40,30.5,1.75,3,0
40,30.5,1.75,42.5,30.5,1.75,3,0
42.5,30.5,1.75,45,30.5,1.75,3,0
45,30.5,1.75,47.5,30.5,1.75,3,0
47.5,30.5,1.75,50,30.5,1.75,3,0
50,30.5,1.75,52.5,30.5,1.75,3,0
52.5,30.5,1.75,55,30.5,1.75,3,0
55,30.5,1.75,57.5,30.5,1.75,3,0
57.5,30.5,1.75,60,30.5,1.75,3,0
60,30.5,1.75,62.5,30.5,1.75,3,0
62.5,30.5,1.75,65,30.5,1.75,3,0
65,30.5,1.75,67.5,30.5,1.75,3,0
67.5,30.5,1.75,70,30.5,1.75,3,0
70,30.5,1.75,72.5,30.5,1.75,3,0
72.5,30.5,1.75,75,30.5,1.75,3,0
75,30.5,1.75,77.5,30.5,1.75,3,0
77.5,30.5,1.75,80,30.5,1.75,3,0
80,30.5,1.75,82.5,30.5,1.75,3,0
82.5,30.5,1.75,85,30.5,1.75,3,0
85,30.5,1.75,87.5,30.5,1.75,3,0
87.5,30.5,1.75,90,30.5,1.75,3,0
90,30.5,1.75,92.5,30.5,1.75,3,0
92.5,30.5,1.75,95,30.5,1.75,3,0
95,30.5,1.75,97.5,30.5,1.75,3,0
97.5,30.5,1.75,100,30.5,1.75,3,0
100,30.5,1.75,102.5,30.5,1.75,3,0
102.5,30.5,1.75,105,30.5,1.75,3,0
105,30.5,1.75,107.5,30.5,1.75,3,0
107.5,30.5,1.75,110,30.5,1.75,3,0
110,30.5,1.75,112.5,30.5,1.75,3,0
112.5,30.5,1.75,115,30.5,1.75,3,0
115,30.5,1.75,117.5,30.5,1.75,3,0
117.5,30.5,1.75,120,30.5,1.75,3,0
120,30.5,1.75,122.5,30.5,1.75,3,0
122.5,30.5,1.75,125,30.5,1.75,3,0
125,30.5,1.75,127.5,30.5,1.75,3,0
127.5,30.5,1.75,130,30.5,1.75,3,0
130,30.5,1.75,132.5,30.5,1.75,3,0
132.5,30.5,1.75,135,30.5,1.75,3,0
135,30.5,1.75,137.5,30.5,1.75,3,0
137.5,30.5,1.75,140,30.5,1.75,3,0
140,30.5,1.75,142.5,30.5,1.75,3,0
142.5,30.5,1.75,145,30.5,1.75,3,0
145,30.5,1.75,147.5,30.5,1.75,3,0
147.5,30.5,1.75,150,30.5,1.75,3,0
150,30.5,1.75,152.5,30.5,1.75,3,0
152.5,30.5,1.75,155,30.5,1.75,3,0
155,30.5,1.75,157.5,30.5,1.75,3,0
157.5,30.5,1.75,160,30.5,1.75,3,0
160,30.5,1.75,162.5,30.5,1.75,3,0
162.5,30.5,1.75,165,30.5,1.75,3,0
165,30.5,1.75,167.5,30.5,1.75,3,0
167.5,30.5,1.75,170,30.5,1.75,3,0
170,30.5,1.75,172.5,30.5,1.75,3,0
172.5,30.5,1.75,175,30.5,1.75,3,0
175,30.5,1.75,177.5,30.5,1.75,3,0
177.5,30.5,1.75,180,30.5,1.75,3,0
180,30.5,1.75,182.5,30.5,1.75,3,0
182.5,30.5,1.75,185,30.5,1.75,3,0
185,30.5,1.75,187.5,30.5,1.75,3,0
187.5,30.5,1.75,190,30.5,1.75,3,0
190,30.5,1.75,192.5,30.5,1.75,3,0
192.5,30.5,1.75,195,30.5,1.75,3,0
195,30.5,1.75,197.5,30.5,1.75,3,0
197.5,30.5,1.75,200,30.5,1.75,3,0
200,30.5,1.75,202.5,30.5,1.75,3,0
202.5,30.5,1.75,205,30.5,1.75,3,0
205,30.5,1.75,207.5,30.5,1.75,3,0
207.5,30.5,1.75,210,30.5,1.75,3,0
210,30.5,1.75,212.5,30.5,1.75,3,0
212.5,30.5,1.75,215,30.5,1.75,3,0
215,30.5,1.75,217.5,30.5,1.75,3,0
217.5,30.5,1.75,220,30.5,1.75,3,0
220,30.5,1.75,222.5,30.5,1.75,3,0
222.5,30.5,1.75,225,30.5,1.75,3,0
225,30.5,1.75,227.5,30.5,1.75,3,0
227.5,30.5,1.75,230,30.5,1.75,3,0
230,30.5,1.75,232.5,30.5,1.75,3,0
232.5,30.5,1.75,235,30.5,1.75,3,0
235,30.5,1.75,237.5,30.5,1.75,3,0
237.5,30.5,1.75,240,30.5,1.75,3,0
240,30.5,1.75,242.5,30.5,1.75,3,0
242.5,30.5,1.75,245,30.5,1.75,3,0
245,30.5,1.75,247.5,30.5,1.75,3,0
247.5,30.5,1.75,250,30.5,1.75,3,0
250,30.5,1.75,252.5,30.5,1.75,3,0
252.5,30.5,1.75,255,30.5,1.75,3,0
255,30.5,1.75,257.5,30.5,1.75,3,0
257.5,30.5,1.75,260,30.5,1.75,3,0
260,30.5,1.75,262.5,30.5,1.75,3,0
262.5,30.5,1.75,265,30.5,1.75,3,0
265,30.5,1.75,267.5,30.5,1.75,3,0
267.5,30.5,1.75,270,30.5,1.75,3,0
270,30.5,1.75,272.5,30.5,1.75,3,0
272.5,30.5,1.75,275,30.5,1.75,3,0
275,30.5,1.75,277.5,30.5,1.75,3,0
277.5,30.5,1.75,280,30.5,1.75,3,0
280,30.5,1.75,282.5,30.5,1.75,3,0
282.5,30.5,1.75,285,30.5,1.75,3,0
285,30.5,1.75,287.5,30.5,1.75,3,0
287.5,30.5,1.75,290,30.5,1.75,3,0
290,30.5,1.75,292.5,30.5,1.75,3,0
292.5,30.5,1.75,295,30.5,1.75,3,0
295,30.5,1.75,297.5,30.5,1.75,3,0
297.5,30.5,1.75,300,30.5,1.75,3,0
300,30.5,1.75,302.5,30.5,1.75,3,0
302.5,30.5,1.75,305,30.5,1.75,3,0
305,30.5,1.75,307.5,30.5,1.75,3,0
307.5,30.5,1.75,310,30.5,1.75,3,0
310,30.5,1.75,312.5,30.5,1.75,3,0
312.5,30.5,1.75,315,30.5,1.75,3,0
315,30.5,1.75,317.5,30.5,1.75,3,0
317.5,30.5,1.75,320,30.5,1.75,3,0
320,30.5,1.75,322.5,30.5,1.75,3,0
322.5,30.5,1.75,325,30.5,1.75,3,0
325,30.5,1.75,327.5,30.5,1.75,3,0
327.5,30.5,1.75,330,30.5,1.75,3,0
330,30.5,1.75,332.5,30.5,1.75,3,0
332.5,30.5,1.75,335,30.5,1.75,3,0
335,30.5,1.75,337.5,30.5,1.75,3,0
337.5,30.5,1.75,340,30.5,1.75,3,0
340,30.5,1.75,342.5,30.5,1.75,3,0
342.5,30.5,1.75,345,30.5,1.75,3,0
345,30.5,1.75,347.5,30.5,1.75,3,0
347.5,30.5,1.75,350,30.5,1.75,3,0
350,30.5,1.75,352.5,30.5,1.75,3,0
352.5,30.5,1.75,355,30.5,1.75,3,0
355,30.5,1.75,357.5,30.5,1.75,3,0
357.5,30.5,1.75,360,30.5,1.75,3,0
360,30.5,1.75,362.5,30.5,1.75,3,0
362.5,30.5,1.75,365,30.5,1.75,3,0
365,30.5,1.75,367.5,30.5,1.75,3,0
367.5,30.5,1.75,370,30.5,1.75,3,0
370,30.5,1.75,372.5,30.5,1.75,3,0
372.5,30.5,1.75,375,30.5,1.75,3,0
375,30.5,1.75,377.5,30.5,1.75,3,0
377.5,30.5,1.75,380,30.5,1.75,3,0
380,30.5,1.75,382.5,30.5,1.75,3,0
382.5,30.5,1.75,385,30.5,1.75,3,0
385,30.5,1.75,387.5,30.5,1.75,3,0
387.5,30.5,1.75,390,30.5,1.75,3,0
390,30.5,1.75,392.5,30.5,1.75,3,0
392.5,30.5,1.75,395,30.5,1.75,3,0
395,30.5,1.75,397.5,30.5,1.75,3,0
397.5,30.5,1.75,400,30.5,1.75,3,0
400,30.5,1.75,402.5,30.5,1.75,3,0
402.5,30.5,1.75,405,30.5,1.75,3,0
405,30.5,1.75,407.5,30.5,1.75,3,0
407.5,30.5,1.75,410,30.5,1.75,3,0
410,30.5,1.75,412.5,30.5,1.75,3,0
412.5,30.5,1.75,415,30.5,1.75,3,0
415,30.5,1.75,417.5,30.5,1.75,3,0
417.5,30.5,1.75,420,30.5,1.75,3,0
420,30.5,1.75,422.5,30.5,1.75,3,0
422.5,30.5,1.75,425,30.5,1.75,3,0
425,30.5,1.75,427.5,30.5,1.75,3,0
427.5,30.5,1.75,430,30.5,1.75,3,0
430,30.5,1.75,432.5,30.5,1.75,3,0
432.5,30.5,1.75,435,30.5,1.75,3,0
435,30.5,1.75,437.5,30.5,1.75,3,0
437.5,30.5,1.75,440,30.5,1.75,3,0
440,30.5,1.75,442.5,30.5,1.75,3,0
442.5,30.5,1.75,445,30.5,1.75,3,0
445,30.5,1.75,447.5,30.5,1.75,3,0
447.5,30.5,1.75,450,30.5,1.75,3,0
450,30.5,1.75,452.5,30.5,1.75,3,0
452.5,30.5,1.75,455,30.5,1.75,3,0
455,30.5,1.75,457.5,30.5,1.75,3,0
457.5,30.5,1.75,460,30.5,1.75,3,0
460,30.5,1.75,462.5,30.5,1.75,3,0
462.5,30.5,1.75,465,30.5,1.75,3,0
465,30.5,1.75,467.5,30.5,1.75,3,0
467.5,30.5,1.75,470,30.5,1.75,3,0
470,30.5,1.75,472.5,30.5,1.75,3,0
472.5,30.5,1.75,475,30.5,1.75,3,0
475,30.5,1.75,477.5,30.5,1.75,3,0
477.5,30.5,1.75,480,30.5,1.75,3,0
480,30.5,1.75,482.5,30.5,1.75,3,0
482.5,30.5,1.75,485,30.5,1.75,3,0
485,30.5,1.75,487.5,30.5,1.75,3,0
487.5,30.5,1.75,490,30.5,1.75,3,0
490,30.5,1.75,492.5,30.5,1.75,3,0
492.5,30.5,1.75,495,30.5,1.75,3,0
495,30.5,1.75,497.5,30.5,1.75,3,0
497.5,30.5,1.75,500,30.5,1.75,3,0
500,30.5,1.75,502.5,30.5,1.75,3,0
502.5,30.5,1.75,505,30.5,1.75,3,0
505,30.5,1.75,507.5,30.5,1.75,3,0
507.5,30.5,1.75,510,30.5,1.75,3,0
510,30.5,1.75,512.5,30.5,1.75,3,0
512.5,30.5,1.75,515,30.5,1.75,3,0
515,30.5,1.75,517.5,30.5,1.75,3,0
517.5,30.5,1.75,520,30.5,1.75,3,0
520,30.5,1.75,522.5,30.5,1.75,3,0
522.5,30.5,1.75,525,30.5,1.75,3,0
525,30.5,1.75,527.5,30.5,1.75,3,0
527.5,30.5,1.75,530,30.5,1.75,3,0
530,30.5,1.75,532.5,30.5,1.75,3,0
532.5,30.5,1.75,535,30.5,1.75,3,0
535,30.5,1.75,537.5,30.5,1.75,3,0
537.5,30.5,1.75,540,30.5,1.75,3,0
540,30.5,1.75,542.5,30.5,1.75,3,0
542.5,30.5,1.75,545,30.5,1.75,3,0
545,30.5,1.75,547.5,30.5,1.75,3,0
547.5,30.5,1.75,550,30.5,1.75,3,0
550,30.5,1.75,552.5,30.5,1.75,3,0
552.5,30.5,1.75,555,30.5,1.75,3,0
555,30.5,1.75,557.5,30.5,1.75,3,0
557.5,30.5,1.75,560,30.5,1.75,3,0
560,30.5,1.75,562.5,30.5,1.75,3,0
562.5,30.5,1.75,565,30.5,1.75,3,0
565,30.5,1.75,567.5,30.5,1.75,3,0
567.5,30.5,1.75,570,30.5,1.75,3,0
570,30.5,1.75,572.5,30.5,1.75,3,0
572.5,30.5,1.75,575,30.5,1.75,3,0
575,30.5,1.75,577.5,30.5,1.75,3,0
577.5,30.5,1.75,580,30.5,1.75,3,0
580,30.5,1.75,582.5,30.5,1.75,3,0
582.5,30.5,1.75,585,30.5,1.75,3,0
585,30.5,1.75,587.5,30.5,1.75,3,0
587.5,30.5,1.75,590,30.5,1.75,3,0
590,30.5,1.75,592.5,30.5,1.75,3,0
592.5,30.5,1.75,595,30.5,1.75,3,0
595,30.5,1.75,597.5,30.5,1.75,3,0
597.5,30.5,1.75,600,30.5,1.75,3,0
