PROYECTO:TESIS-ESCALAMIENTO_DE_SEÑALES_SISMICAS_EN_MUELLES
AUTOR: ING. JUAN CARLOS PANTOJA
ARCHIVO: MUELLE 2:1 - 630m
DESCRIPCIÓN: FRAMES DE VIGAS DE BORDE
RECUENTO: 240 ELTOS


0,33.5,1.75,2.5,33.5,1.75,3,0
2.5,33.5,1.75,5,33.5,1.75,3,0
5,33.5,1.75,7.5,33.5,1.75,3,0
7.5,33.5,1.75,10,33.5,1.75,3,0
10,33.5,1.75,12.5,33.5,1.75,3,0
12.5,33.5,1.75,15,33.5,1.75,3,0
15,33.5,1.75,17.5,33.5,1.75,3,0
17.5,33.5,1.75,20,33.5,1.75,3,0
20,33.5,1.75,22.5,33.5,1.75,3,0
22.5,33.5,1.75,25,33.5,1.75,3,0
25,33.5,1.75,27.5,33.5,1.75,3,0
27.5,33.5,1.75,30,33.5,1.75,3,0
30,33.5,1.75,32.5,33.5,1.75,3,0
32.5,33.5,1.75,35,33.5,1.75,3,0
35,33.5,1.75,37.5,33.5,1.75,3,0
37.5,33.5,1.75,40,33.5,1.75,3,0
40,33.5,1.75,42.5,33.5,1.75,3,0
42.5,33.5,1.75,45,33.5,1.75,3,0
45,33.5,1.75,47.5,33.5,1.75,3,0
47.5,33.5,1.75,50,33.5,1.75,3,0
50,33.5,1.75,52.5,33.5,1.75,3,0
52.5,33.5,1.75,55,33.5,1.75,3,0
55,33.5,1.75,57.5,33.5,1.75,3,0
57.5,33.5,1.75,60,33.5,1.75,3,0
60,33.5,1.75,62.5,33.5,1.75,3,0
62.5,33.5,1.75,65,33.5,1.75,3,0
65,33.5,1.75,67.5,33.5,1.75,3,0
67.5,33.5,1.75,70,33.5,1.75,3,0
70,33.5,1.75,72.5,33.5,1.75,3,0
72.5,33.5,1.75,75,33.5,1.75,3,0
75,33.5,1.75,77.5,33.5,1.75,3,0
77.5,33.5,1.75,80,33.5,1.75,3,0
80,33.5,1.75,82.5,33.5,1.75,3,0
82.5,33.5,1.75,85,33.5,1.75,3,0
85,33.5,1.75,87.5,33.5,1.75,3,0
87.5,33.5,1.75,90,33.5,1.75,3,0
90,33.5,1.75,92.5,33.5,1.75,3,0
92.5,33.5,1.75,95,33.5,1.75,3,0
95,33.5,1.75,97.5,33.5,1.75,3,0
97.5,33.5,1.75,100,33.5,1.75,3,0
100,33.5,1.75,102.5,33.5,1.75,3,0
102.5,33.5,1.75,105,33.5,1.75,3,0
105,33.5,1.75,107.5,33.5,1.75,3,0
107.5,33.5,1.75,110,33.5,1.75,3,0
110,33.5,1.75,112.5,33.5,1.75,3,0
112.5,33.5,1.75,115,33.5,1.75,3,0
115,33.5,1.75,117.5,33.5,1.75,3,0
117.5,33.5,1.75,120,33.5,1.75,3,0
120,33.5,1.75,122.5,33.5,1.75,3,0
122.5,33.5,1.75,125,33.5,1.75,3,0
125,33.5,1.75,127.5,33.5,1.75,3,0
127.5,33.5,1.75,130,33.5,1.75,3,0
130,33.5,1.75,132.5,33.5,1.75,3,0
132.5,33.5,1.75,135,33.5,1.75,3,0
135,33.5,1.75,137.5,33.5,1.75,3,0
137.5,33.5,1.75,140,33.5,1.75,3,0
140,33.5,1.75,142.5,33.5,1.75,3,0
142.5,33.5,1.75,145,33.5,1.75,3,0
145,33.5,1.75,147.5,33.5,1.75,3,0
147.5,33.5,1.75,150,33.5,1.75,3,0
150,33.5,1.75,152.5,33.5,1.75,3,0
152.5,33.5,1.75,155,33.5,1.75,3,0
155,33.5,1.75,157.5,33.5,1.75,3,0
157.5,33.5,1.75,160,33.5,1.75,3,0
160,33.5,1.75,162.5,33.5,1.75,3,0
162.5,33.5,1.75,165,33.5,1.75,3,0
165,33.5,1.75,167.5,33.5,1.75,3,0
167.5,33.5,1.75,170,33.5,1.75,3,0
170,33.5,1.75,172.5,33.5,1.75,3,0
172.5,33.5,1.75,175,33.5,1.75,3,0
175,33.5,1.75,177.5,33.5,1.75,3,0
177.5,33.5,1.75,180,33.5,1.75,3,0
180,33.5,1.75,182.5,33.5,1.75,3,0
182.5,33.5,1.75,185,33.5,1.75,3,0
185,33.5,1.75,187.5,33.5,1.75,3,0
187.5,33.5,1.75,190,33.5,1.75,3,0
190,33.5,1.75,192.5,33.5,1.75,3,0
192.5,33.5,1.75,195,33.5,1.75,3,0
195,33.5,1.75,197.5,33.5,1.75,3,0
197.5,33.5,1.75,200,33.5,1.75,3,0
200,33.5,1.75,202.5,33.5,1.75,3,0
202.5,33.5,1.75,205,33.5,1.75,3,0
205,33.5,1.75,207.5,33.5,1.75,3,0
207.5,33.5,1.75,210,33.5,1.75,3,0
210,33.5,1.75,212.5,33.5,1.75,3,0
212.5,33.5,1.75,215,33.5,1.75,3,0
215,33.5,1.75,217.5,33.5,1.75,3,0
217.5,33.5,1.75,220,33.5,1.75,3,0
220,33.5,1.75,222.5,33.5,1.75,3,0
222.5,33.5,1.75,225,33.5,1.75,3,0
225,33.5,1.75,227.5,33.5,1.75,3,0
227.5,33.5,1.75,230,33.5,1.75,3,0
230,33.5,1.75,232.5,33.5,1.75,3,0
232.5,33.5,1.75,235,33.5,1.75,3,0
235,33.5,1.75,237.5,33.5,1.75,3,0
237.5,33.5,1.75,240,33.5,1.75,3,0
240,33.5,1.75,242.5,33.5,1.75,3,0
242.5,33.5,1.75,245,33.5,1.75,3,0
245,33.5,1.75,247.5,33.5,1.75,3,0
247.5,33.5,1.75,250,33.5,1.75,3,0
250,33.5,1.75,252.5,33.5,1.75,3,0
252.5,33.5,1.75,255,33.5,1.75,3,0
255,33.5,1.75,257.5,33.5,1.75,3,0
257.5,33.5,1.75,260,33.5,1.75,3,0
260,33.5,1.75,262.5,33.5,1.75,3,0
262.5,33.5,1.75,265,33.5,1.75,3,0
265,33.5,1.75,267.5,33.5,1.75,3,0
267.5,33.5,1.75,270,33.5,1.75,3,0
270,33.5,1.75,272.5,33.5,1.75,3,0
272.5,33.5,1.75,275,33.5,1.75,3,0
275,33.5,1.75,277.5,33.5,1.75,3,0
277.5,33.5,1.75,280,33.5,1.75,3,0
280,33.5,1.75,282.5,33.5,1.75,3,0
282.5,33.5,1.75,285,33.5,1.75,3,0
285,33.5,1.75,287.5,33.5,1.75,3,0
287.5,33.5,1.75,290,33.5,1.75,3,0
290,33.5,1.75,292.5,33.5,1.75,3,0
292.5,33.5,1.75,295,33.5,1.75,3,0
295,33.5,1.75,297.5,33.5,1.75,3,0
297.5,33.5,1.75,300,33.5,1.75,3,0
300,33.5,1.75,302.5,33.5,1.75,3,0
302.5,33.5,1.75,305,33.5,1.75,3,0
305,33.5,1.75,307.5,33.5,1.75,3,0
307.5,33.5,1.75,310,33.5,1.75,3,0
310,33.5,1.75,312.5,33.5,1.75,3,0
312.5,33.5,1.75,315,33.5,1.75,3,0
315,33.5,1.75,317.5,33.5,1.75,3,0
317.5,33.5,1.75,320,33.5,1.75,3,0
320,33.5,1.75,322.5,33.5,1.75,3,0
322.5,33.5,1.75,325,33.5,1.75,3,0
325,33.5,1.75,327.5,33.5,1.75,3,0
327.5,33.5,1.75,330,33.5,1.75,3,0
330,33.5,1.75,332.5,33.5,1.75,3,0
332.5,33.5,1.75,335,33.5,1.75,3,0
335,33.5,1.75,337.5,33.5,1.75,3,0
337.5,33.5,1.75,340,33.5,1.75,3,0
340,33.5,1.75,342.5,33.5,1.75,3,0
342.5,33.5,1.75,345,33.5,1.75,3,0
345,33.5,1.75,347.5,33.5,1.75,3,0
347.5,33.5,1.75,350,33.5,1.75,3,0
350,33.5,1.75,352.5,33.5,1.75,3,0
352.5,33.5,1.75,355,33.5,1.75,3,0
355,33.5,1.75,357.5,33.5,1.75,3,0
357.5,33.5,1.75,360,33.5,1.75,3,0
360,33.5,1.75,362.5,33.5,1.75,3,0
362.5,33.5,1.75,365,33.5,1.75,3,0
365,33.5,1.75,367.5,33.5,1.75,3,0
367.5,33.5,1.75,370,33.5,1.75,3,0
370,33.5,1.75,372.5,33.5,1.75,3,0
372.5,33.5,1.75,375,33.5,1.75,3,0
375,33.5,1.75,377.5,33.5,1.75,3,0
377.5,33.5,1.75,380,33.5,1.75,3,0
380,33.5,1.75,382.5,33.5,1.75,3,0
382.5,33.5,1.75,385,33.5,1.75,3,0
385,33.5,1.75,387.5,33.5,1.75,3,0
387.5,33.5,1.75,390,33.5,1.75,3,0
390,33.5,1.75,392.5,33.5,1.75,3,0
392.5,33.5,1.75,395,33.5,1.75,3,0
395,33.5,1.75,397.5,33.5,1.75,3,0
397.5,33.5,1.75,400,33.5,1.75,3,0
400,33.5,1.75,402.5,33.5,1.75,3,0
402.5,33.5,1.75,405,33.5,1.75,3,0
405,33.5,1.75,407.5,33.5,1.75,3,0
407.5,33.5,1.75,410,33.5,1.75,3,0
410,33.5,1.75,412.5,33.5,1.75,3,0
412.5,33.5,1.75,415,33.5,1.75,3,0
415,33.5,1.75,417.5,33.5,1.75,3,0
417.5,33.5,1.75,420,33.5,1.75,3,0
420,33.5,1.75,422.5,33.5,1.75,3,0
422.5,33.5,1.75,425,33.5,1.75,3,0
425,33.5,1.75,427.5,33.5,1.75,3,0
427.5,33.5,1.75,430,33.5,1.75,3,0
430,33.5,1.75,432.5,33.5,1.75,3,0
432.5,33.5,1.75,435,33.5,1.75,3,0
435,33.5,1.75,437.5,33.5,1.75,3,0
437.5,33.5,1.75,440,33.5,1.75,3,0
440,33.5,1.75,442.5,33.5,1.75,3,0
442.5,33.5,1.75,445,33.5,1.75,3,0
445,33.5,1.75,447.5,33.5,1.75,3,0
447.5,33.5,1.75,450,33.5,1.75,3,0
450,33.5,1.75,452.5,33.5,1.75,3,0
452.5,33.5,1.75,455,33.5,1.75,3,0
455,33.5,1.75,457.5,33.5,1.75,3,0
457.5,33.5,1.75,460,33.5,1.75,3,0
460,33.5,1.75,462.5,33.5,1.75,3,0
462.5,33.5,1.75,465,33.5,1.75,3,0
465,33.5,1.75,467.5,33.5,1.75,3,0
467.5,33.5,1.75,470,33.5,1.75,3,0
470,33.5,1.75,472.5,33.5,1.75,3,0
472.5,33.5,1.75,475,33.5,1.75,3,0
475,33.5,1.75,477.5,33.5,1.75,3,0
477.5,33.5,1.75,480,33.5,1.75,3,0
480,33.5,1.75,482.5,33.5,1.75,3,0
482.5,33.5,1.75,485,33.5,1.75,3,0
485,33.5,1.75,487.5,33.5,1.75,3,0
487.5,33.5,1.75,490,33.5,1.75,3,0
490,33.5,1.75,492.5,33.5,1.75,3,0
492.5,33.5,1.75,495,33.5,1.75,3,0
495,33.5,1.75,497.5,33.5,1.75,3,0
497.5,33.5,1.75,500,33.5,1.75,3,0
500,33.5,1.75,502.5,33.5,1.75,3,0
502.5,33.5,1.75,505,33.5,1.75,3,0
505,33.5,1.75,507.5,33.5,1.75,3,0
507.5,33.5,1.75,510,33.5,1.75,3,0
510,33.5,1.75,512.5,33.5,1.75,3,0
512.5,33.5,1.75,515,33.5,1.75,3,0
515,33.5,1.75,517.5,33.5,1.75,3,0
517.5,33.5,1.75,520,33.5,1.75,3,0
520,33.5,1.75,522.5,33.5,1.75,3,0
522.5,33.5,1.75,525,33.5,1.75,3,0
525,33.5,1.75,527.5,33.5,1.75,3,0
527.5,33.5,1.75,530,33.5,1.75,3,0
530,33.5,1.75,532.5,33.5,1.75,3,0
532.5,33.5,1.75,535,33.5,1.75,3,0
535,33.5,1.75,537.5,33.5,1.75,3,0
537.5,33.5,1.75,540,33.5,1.75,3,0
540,33.5,1.75,542.5,33.5,1.75,3,0
542.5,33.5,1.75,545,33.5,1.75,3,0
545,33.5,1.75,547.5,33.5,1.75,3,0
547.5,33.5,1.75,550,33.5,1.75,3,0
550,33.5,1.75,552.5,33.5,1.75,3,0
552.5,33.5,1.75,555,33.5,1.75,3,0
555,33.5,1.75,557.5,33.5,1.75,3,0
557.5,33.5,1.75,560,33.5,1.75,3,0
560,33.5,1.75,562.5,33.5,1.75,3,0
562.5,33.5,1.75,565,33.5,1.75,3,0
565,33.5,1.75,567.5,33.5,1.75,3,0
567.5,33.5,1.75,570,33.5,1.75,3,0
570,33.5,1.75,572.5,33.5,1.75,3,0
572.5,33.5,1.75,575,33.5,1.75,3,0
575,33.5,1.75,577.5,33.5,1.75,3,0
577.5,33.5,1.75,580,33.5,1.75,3,0
580,33.5,1.75,582.5,33.5,1.75,3,0
582.5,33.5,1.75,585,33.5,1.75,3,0
585,33.5,1.75,587.5,33.5,1.75,3,0
587.5,33.5,1.75,590,33.5,1.75,3,0
590,33.5,1.75,592.5,33.5,1.75,3,0
592.5,33.5,1.75,595,33.5,1.75,3,0
595,33.5,1.75,597.5,33.5,1.75,3,0
597.5,33.5,1.75,600,33.5,1.75,3,0
