PROYECTO:TESIS-ESCALAMIENTO_DE_SEÑALES_SISMICAS_EN_MUELLES
AUTOR: ING. JUAN CARLOS PANTOJA
ARCHIVO: MUELLE 20:1 - 323
DESCRIPCIÓN: FRAMES DE VIGAS CABEZAL
RECUENTO: 860 ELTOS


0,0,1.75,0,3.05,1.75,3,0
0,3.05,1.75,0,6.1,1.75,3,0
0,6.1,1.75,0,8.4,1.75,3,0
0,8.4,1.75,0,10.7,1.75,3,0
0,10.7,1.75,0,12.2,1.75,3,0
0,12.2,1.75,0,13.7,1.75,3,0
0,13.7,1.75,0,16,1.75,3,0
0,16,1.75,0,18.3,1.75,3,0
0,18.3,1.75,0,21.35,1.75,3,0
0,21.35,1.75,0,24.4,1.75,3,0
0,24.4,1.75,0,27.45,1.75,3,0
0,27.45,1.75,0,30.5,1.75,3,0
0,30.5,1.75,0,33.55,1.75,3,0
0,33.55,1.75,0,36.6,1.75,3,0
0,36.6,1.75,0,38.9,1.75,3,0
0,38.9,1.75,0,41.2,1.75,3,0
0,41.2,1.75,0,42.7,1.75,3,0
0,42.7,1.75,0,44.2,1.75,3,0
0,44.2,1.75,0,46.35,1.75,3,0
0,46.35,1.75,0,48.7,1.75,3,0
7.5,0,1.75,7.5,3.05,1.75,3,0
7.5,3.05,1.75,7.5,6.1,1.75,3,0
7.5,6.1,1.75,7.5,8.4,1.75,3,0
7.5,8.4,1.75,7.5,10.7,1.75,3,0
7.5,10.7,1.75,7.5,12.2,1.75,3,0
7.5,12.2,1.75,7.5,13.7,1.75,3,0
7.5,13.7,1.75,7.5,16,1.75,3,0
7.5,16,1.75,7.5,18.3,1.75,3,0
7.5,18.3,1.75,7.5,21.35,1.75,3,0
7.5,21.35,1.75,7.5,24.4,1.75,3,0
7.5,24.4,1.75,7.5,27.45,1.75,3,0
7.5,27.45,1.75,7.5,30.5,1.75,3,0
7.5,30.5,1.75,7.5,33.55,1.75,3,0
7.5,33.55,1.75,7.5,36.6,1.75,3,0
7.5,36.6,1.75,7.5,38.9,1.75,3,0
7.5,38.9,1.75,7.5,41.2,1.75,3,0
7.5,41.2,1.75,7.5,42.7,1.75,3,0
7.5,42.7,1.75,7.5,44.2,1.75,3,0
7.5,44.2,1.75,7.5,46.35,1.75,3,0
7.5,46.35,1.75,7.5,48.7,1.75,3,0
15,0,1.75,15,3.05,1.75,3,0
15,3.05,1.75,15,6.1,1.75,3,0
15,6.1,1.75,15,8.4,1.75,3,0
15,8.4,1.75,15,10.7,1.75,3,0
15,10.7,1.75,15,12.2,1.75,3,0
15,12.2,1.75,15,13.7,1.75,3,0
15,13.7,1.75,15,16,1.75,3,0
15,16,1.75,15,18.3,1.75,3,0
15,18.3,1.75,15,21.35,1.75,3,0
15,21.35,1.75,15,24.4,1.75,3,0
15,24.4,1.75,15,27.45,1.75,3,0
15,27.45,1.75,15,30.5,1.75,3,0
15,30.5,1.75,15,33.55,1.75,3,0
15,33.55,1.75,15,36.6,1.75,3,0
15,36.6,1.75,15,38.9,1.75,3,0
15,38.9,1.75,15,41.2,1.75,3,0
15,41.2,1.75,15,42.7,1.75,3,0
15,42.7,1.75,15,44.2,1.75,3,0
15,44.2,1.75,15,46.35,1.75,3,0
15,46.35,1.75,15,48.7,1.75,3,0
22.5,0,1.75,22.5,3.05,1.75,3,0
22.5,3.05,1.75,22.5,6.1,1.75,3,0
22.5,6.1,1.75,22.5,8.4,1.75,3,0
22.5,8.4,1.75,22.5,10.7,1.75,3,0
22.5,10.7,1.75,22.5,12.2,1.75,3,0
22.5,12.2,1.75,22.5,13.7,1.75,3,0
22.5,13.7,1.75,22.5,16,1.75,3,0
22.5,16,1.75,22.5,18.3,1.75,3,0
22.5,18.3,1.75,22.5,21.35,1.75,3,0
22.5,21.35,1.75,22.5,24.4,1.75,3,0
22.5,24.4,1.75,22.5,27.45,1.75,3,0
22.5,27.45,1.75,22.5,30.5,1.75,3,0
22.5,30.5,1.75,22.5,33.55,1.75,3,0
22.5,33.55,1.75,22.5,36.6,1.75,3,0
22.5,36.6,1.75,22.5,38.9,1.75,3,0
22.5,38.9,1.75,22.5,41.2,1.75,3,0
22.5,41.2,1.75,22.5,42.7,1.75,3,0
22.5,42.7,1.75,22.5,44.2,1.75,3,0
22.5,44.2,1.75,22.5,46.35,1.75,3,0
22.5,46.35,1.75,22.5,48.7,1.75,3,0
30,0,1.75,30,3.05,1.75,3,0
30,3.05,1.75,30,6.1,1.75,3,0
30,6.1,1.75,30,8.4,1.75,3,0
30,8.4,1.75,30,10.7,1.75,3,0
30,10.7,1.75,30,12.2,1.75,3,0
30,12.2,1.75,30,13.7,1.75,3,0
30,13.7,1.75,30,16,1.75,3,0
30,16,1.75,30,18.3,1.75,3,0
30,18.3,1.75,30,21.35,1.75,3,0
30,21.35,1.75,30,24.4,1.75,3,0
30,24.4,1.75,30,27.45,1.75,3,0
30,27.45,1.75,30,30.5,1.75,3,0
30,30.5,1.75,30,33.55,1.75,3,0
30,33.55,1.75,30,36.6,1.75,3,0
30,36.6,1.75,30,38.9,1.75,3,0
30,38.9,1.75,30,41.2,1.75,3,0
30,41.2,1.75,30,42.7,1.75,3,0
30,42.7,1.75,30,44.2,1.75,3,0
30,44.2,1.75,30,46.35,1.75,3,0
30,46.35,1.75,30,48.7,1.75,3,0
37.5,0,1.75,37.5,3.05,1.75,3,0
37.5,3.05,1.75,37.5,6.1,1.75,3,0
37.5,6.1,1.75,37.5,8.4,1.75,3,0
37.5,8.4,1.75,37.5,10.7,1.75,3,0
37.5,10.7,1.75,37.5,12.2,1.75,3,0
37.5,12.2,1.75,37.5,13.7,1.75,3,0
37.5,13.7,1.75,37.5,16,1.75,3,0
37.5,16,1.75,37.5,18.3,1.75,3,0
37.5,18.3,1.75,37.5,21.35,1.75,3,0
37.5,21.35,1.75,37.5,24.4,1.75,3,0
37.5,24.4,1.75,37.5,27.45,1.75,3,0
37.5,27.45,1.75,37.5,30.5,1.75,3,0
37.5,30.5,1.75,37.5,33.55,1.75,3,0
37.5,33.55,1.75,37.5,36.6,1.75,3,0
37.5,36.6,1.75,37.5,38.9,1.75,3,0
37.5,38.9,1.75,37.5,41.2,1.75,3,0
37.5,41.2,1.75,37.5,42.7,1.75,3,0
37.5,42.7,1.75,37.5,44.2,1.75,3,0
37.5,44.2,1.75,37.5,46.35,1.75,3,0
37.5,46.35,1.75,37.5,48.7,1.75,3,0
45,0,1.75,45,3.05,1.75,3,0
45,3.05,1.75,45,6.1,1.75,3,0
45,6.1,1.75,45,8.4,1.75,3,0
45,8.4,1.75,45,10.7,1.75,3,0
45,10.7,1.75,45,12.2,1.75,3,0
45,12.2,1.75,45,13.7,1.75,3,0
45,13.7,1.75,45,16,1.75,3,0
45,16,1.75,45,18.3,1.75,3,0
45,18.3,1.75,45,21.35,1.75,3,0
45,21.35,1.75,45,24.4,1.75,3,0
45,24.4,1.75,45,27.45,1.75,3,0
45,27.45,1.75,45,30.5,1.75,3,0
45,30.5,1.75,45,33.55,1.75,3,0
45,33.55,1.75,45,36.6,1.75,3,0
45,36.6,1.75,45,38.9,1.75,3,0
45,38.9,1.75,45,41.2,1.75,3,0
45,41.2,1.75,45,42.7,1.75,3,0
45,42.7,1.75,45,44.2,1.75,3,0
45,44.2,1.75,45,46.35,1.75,3,0
45,46.35,1.75,45,48.7,1.75,3,0
52.5,0,1.75,52.5,3.05,1.75,3,0
52.5,3.05,1.75,52.5,6.1,1.75,3,0
52.5,6.1,1.75,52.5,8.4,1.75,3,0
52.5,8.4,1.75,52.5,10.7,1.75,3,0
52.5,10.7,1.75,52.5,12.2,1.75,3,0
52.5,12.2,1.75,52.5,13.7,1.75,3,0
52.5,13.7,1.75,52.5,16,1.75,3,0
52.5,16,1.75,52.5,18.3,1.75,3,0
52.5,18.3,1.75,52.5,21.35,1.75,3,0
52.5,21.35,1.75,52.5,24.4,1.75,3,0
52.5,24.4,1.75,52.5,27.45,1.75,3,0
52.5,27.45,1.75,52.5,30.5,1.75,3,0
52.5,30.5,1.75,52.5,33.55,1.75,3,0
52.5,33.55,1.75,52.5,36.6,1.75,3,0
52.5,36.6,1.75,52.5,38.9,1.75,3,0
52.5,38.9,1.75,52.5,41.2,1.75,3,0
52.5,41.2,1.75,52.5,42.7,1.75,3,0
52.5,42.7,1.75,52.5,44.2,1.75,3,0
52.5,44.2,1.75,52.5,46.35,1.75,3,0
52.5,46.35,1.75,52.5,48.7,1.75,3,0
60,0,1.75,60,3.05,1.75,3,0
60,3.05,1.75,60,6.1,1.75,3,0
60,6.1,1.75,60,8.4,1.75,3,0
60,8.4,1.75,60,10.7,1.75,3,0
60,10.7,1.75,60,12.2,1.75,3,0
60,12.2,1.75,60,13.7,1.75,3,0
60,13.7,1.75,60,16,1.75,3,0
60,16,1.75,60,18.3,1.75,3,0
60,18.3,1.75,60,21.35,1.75,3,0
60,21.35,1.75,60,24.4,1.75,3,0
60,24.4,1.75,60,27.45,1.75,3,0
60,27.45,1.75,60,30.5,1.75,3,0
60,30.5,1.75,60,33.55,1.75,3,0
60,33.55,1.75,60,36.6,1.75,3,0
60,36.6,1.75,60,38.9,1.75,3,0
60,38.9,1.75,60,41.2,1.75,3,0
60,41.2,1.75,60,42.7,1.75,3,0
60,42.7,1.75,60,44.2,1.75,3,0
60,44.2,1.75,60,46.35,1.75,3,0
60,46.35,1.75,60,48.7,1.75,3,0
67.5,0,1.75,67.5,3.05,1.75,3,0
67.5,3.05,1.75,67.5,6.1,1.75,3,0
67.5,6.1,1.75,67.5,8.4,1.75,3,0
67.5,8.4,1.75,67.5,10.7,1.75,3,0
67.5,10.7,1.75,67.5,12.2,1.75,3,0
67.5,12.2,1.75,67.5,13.7,1.75,3,0
67.5,13.7,1.75,67.5,16,1.75,3,0
67.5,16,1.75,67.5,18.3,1.75,3,0
67.5,18.3,1.75,67.5,21.35,1.75,3,0
67.5,21.35,1.75,67.5,24.4,1.75,3,0
67.5,24.4,1.75,67.5,27.45,1.75,3,0
67.5,27.45,1.75,67.5,30.5,1.75,3,0
67.5,30.5,1.75,67.5,33.55,1.75,3,0
67.5,33.55,1.75,67.5,36.6,1.75,3,0
67.5,36.6,1.75,67.5,38.9,1.75,3,0
67.5,38.9,1.75,67.5,41.2,1.75,3,0
67.5,41.2,1.75,67.5,42.7,1.75,3,0
67.5,42.7,1.75,67.5,44.2,1.75,3,0
67.5,44.2,1.75,67.5,46.35,1.75,3,0
67.5,46.35,1.75,67.5,48.7,1.75,3,0
75,0,1.75,75,3.05,1.75,3,0
75,3.05,1.75,75,6.1,1.75,3,0
75,6.1,1.75,75,8.4,1.75,3,0
75,8.4,1.75,75,10.7,1.75,3,0
75,10.7,1.75,75,12.2,1.75,3,0
75,12.2,1.75,75,13.7,1.75,3,0
75,13.7,1.75,75,16,1.75,3,0
75,16,1.75,75,18.3,1.75,3,0
75,18.3,1.75,75,21.35,1.75,3,0
75,21.35,1.75,75,24.4,1.75,3,0
75,24.4,1.75,75,27.45,1.75,3,0
75,27.45,1.75,75,30.5,1.75,3,0
75,30.5,1.75,75,33.55,1.75,3,0
75,33.55,1.75,75,36.6,1.75,3,0
75,36.6,1.75,75,38.9,1.75,3,0
75,38.9,1.75,75,41.2,1.75,3,0
75,41.2,1.75,75,42.7,1.75,3,0
75,42.7,1.75,75,44.2,1.75,3,0
75,44.2,1.75,75,46.35,1.75,3,0
75,46.35,1.75,75,48.7,1.75,3,0
82.5,0,1.75,82.5,3.05,1.75,3,0
82.5,3.05,1.75,82.5,6.1,1.75,3,0
82.5,6.1,1.75,82.5,8.4,1.75,3,0
82.5,8.4,1.75,82.5,10.7,1.75,3,0
82.5,10.7,1.75,82.5,12.2,1.75,3,0
82.5,12.2,1.75,82.5,13.7,1.75,3,0
82.5,13.7,1.75,82.5,16,1.75,3,0
82.5,16,1.75,82.5,18.3,1.75,3,0
82.5,18.3,1.75,82.5,21.35,1.75,3,0
82.5,21.35,1.75,82.5,24.4,1.75,3,0
82.5,24.4,1.75,82.5,27.45,1.75,3,0
82.5,27.45,1.75,82.5,30.5,1.75,3,0
82.5,30.5,1.75,82.5,33.55,1.75,3,0
82.5,33.55,1.75,82.5,36.6,1.75,3,0
82.5,36.6,1.75,82.5,38.9,1.75,3,0
82.5,38.9,1.75,82.5,41.2,1.75,3,0
82.5,41.2,1.75,82.5,42.7,1.75,3,0
82.5,42.7,1.75,82.5,44.2,1.75,3,0
82.5,44.2,1.75,82.5,46.35,1.75,3,0
82.5,46.35,1.75,82.5,48.7,1.75,3,0
90,0,1.75,90,3.05,1.75,3,0
90,3.05,1.75,90,6.1,1.75,3,0
90,6.1,1.75,90,8.4,1.75,3,0
90,8.4,1.75,90,10.7,1.75,3,0
90,10.7,1.75,90,12.2,1.75,3,0
90,12.2,1.75,90,13.7,1.75,3,0
90,13.7,1.75,90,16,1.75,3,0
90,16,1.75,90,18.3,1.75,3,0
90,18.3,1.75,90,21.35,1.75,3,0
90,21.35,1.75,90,24.4,1.75,3,0
90,24.4,1.75,90,27.45,1.75,3,0
90,27.45,1.75,90,30.5,1.75,3,0
90,30.5,1.75,90,33.55,1.75,3,0
90,33.55,1.75,90,36.6,1.75,3,0
90,36.6,1.75,90,38.9,1.75,3,0
90,38.9,1.75,90,41.2,1.75,3,0
90,41.2,1.75,90,42.7,1.75,3,0
90,42.7,1.75,90,44.2,1.75,3,0
90,44.2,1.75,90,46.35,1.75,3,0
90,46.35,1.75,90,48.7,1.75,3,0
97.5,0,1.75,97.5,3.05,1.75,3,0
97.5,3.05,1.75,97.5,6.1,1.75,3,0
97.5,6.1,1.75,97.5,8.4,1.75,3,0
97.5,8.4,1.75,97.5,10.7,1.75,3,0
97.5,10.7,1.75,97.5,12.2,1.75,3,0
97.5,12.2,1.75,97.5,13.7,1.75,3,0
97.5,13.7,1.75,97.5,16,1.75,3,0
97.5,16,1.75,97.5,18.3,1.75,3,0
97.5,18.3,1.75,97.5,21.35,1.75,3,0
97.5,21.35,1.75,97.5,24.4,1.75,3,0
97.5,24.4,1.75,97.5,27.45,1.75,3,0
97.5,27.45,1.75,97.5,30.5,1.75,3,0
97.5,30.5,1.75,97.5,33.55,1.75,3,0
97.5,33.55,1.75,97.5,36.6,1.75,3,0
97.5,36.6,1.75,97.5,38.9,1.75,3,0
97.5,38.9,1.75,97.5,41.2,1.75,3,0
97.5,41.2,1.75,97.5,42.7,1.75,3,0
97.5,42.7,1.75,97.5,44.2,1.75,3,0
97.5,44.2,1.75,97.5,46.35,1.75,3,0
97.5,46.35,1.75,97.5,48.7,1.75,3,0
105,0,1.75,105,3.05,1.75,3,0
105,3.05,1.75,105,6.1,1.75,3,0
105,6.1,1.75,105,8.4,1.75,3,0
105,8.4,1.75,105,10.7,1.75,3,0
105,10.7,1.75,105,12.2,1.75,3,0
105,12.2,1.75,105,13.7,1.75,3,0
105,13.7,1.75,105,16,1.75,3,0
105,16,1.75,105,18.3,1.75,3,0
105,18.3,1.75,105,21.35,1.75,3,0
105,21.35,1.75,105,24.4,1.75,3,0
105,24.4,1.75,105,27.45,1.75,3,0
105,27.45,1.75,105,30.5,1.75,3,0
105,30.5,1.75,105,33.55,1.75,3,0
105,33.55,1.75,105,36.6,1.75,3,0
105,36.6,1.75,105,38.9,1.75,3,0
105,38.9,1.75,105,41.2,1.75,3,0
105,41.2,1.75,105,42.7,1.75,3,0
105,42.7,1.75,105,44.2,1.75,3,0
105,44.2,1.75,105,46.35,1.75,3,0
105,46.35,1.75,105,48.7,1.75,3,0
112.5,0,1.75,112.5,3.05,1.75,3,0
112.5,3.05,1.75,112.5,6.1,1.75,3,0
112.5,6.1,1.75,112.5,8.4,1.75,3,0
112.5,8.4,1.75,112.5,10.7,1.75,3,0
112.5,10.7,1.75,112.5,12.2,1.75,3,0
112.5,12.2,1.75,112.5,13.7,1.75,3,0
112.5,13.7,1.75,112.5,16,1.75,3,0
112.5,16,1.75,112.5,18.3,1.75,3,0
112.5,18.3,1.75,112.5,21.35,1.75,3,0
112.5,21.35,1.75,112.5,24.4,1.75,3,0
112.5,24.4,1.75,112.5,27.45,1.75,3,0
112.5,27.45,1.75,112.5,30.5,1.75,3,0
112.5,30.5,1.75,112.5,33.55,1.75,3,0
112.5,33.55,1.75,112.5,36.6,1.75,3,0
112.5,36.6,1.75,112.5,38.9,1.75,3,0
112.5,38.9,1.75,112.5,41.2,1.75,3,0
112.5,41.2,1.75,112.5,42.7,1.75,3,0
112.5,42.7,1.75,112.5,44.2,1.75,3,0
112.5,44.2,1.75,112.5,46.35,1.75,3,0
112.5,46.35,1.75,112.5,48.7,1.75,3,0
120,0,1.75,120,3.05,1.75,3,0
120,3.05,1.75,120,6.1,1.75,3,0
120,6.1,1.75,120,8.4,1.75,3,0
120,8.4,1.75,120,10.7,1.75,3,0
120,10.7,1.75,120,12.2,1.75,3,0
120,12.2,1.75,120,13.7,1.75,3,0
120,13.7,1.75,120,16,1.75,3,0
120,16,1.75,120,18.3,1.75,3,0
120,18.3,1.75,120,21.35,1.75,3,0
120,21.35,1.75,120,24.4,1.75,3,0
120,24.4,1.75,120,27.45,1.75,3,0
120,27.45,1.75,120,30.5,1.75,3,0
120,30.5,1.75,120,33.55,1.75,3,0
120,33.55,1.75,120,36.6,1.75,3,0
120,36.6,1.75,120,38.9,1.75,3,0
120,38.9,1.75,120,41.2,1.75,3,0
120,41.2,1.75,120,42.7,1.75,3,0
120,42.7,1.75,120,44.2,1.75,3,0
120,44.2,1.75,120,46.35,1.75,3,0
120,46.35,1.75,120,48.7,1.75,3,0
127.5,0,1.75,127.5,3.05,1.75,3,0
127.5,3.05,1.75,127.5,6.1,1.75,3,0
127.5,6.1,1.75,127.5,8.4,1.75,3,0
127.5,8.4,1.75,127.5,10.7,1.75,3,0
127.5,10.7,1.75,127.5,12.2,1.75,3,0
127.5,12.2,1.75,127.5,13.7,1.75,3,0
127.5,13.7,1.75,127.5,16,1.75,3,0
127.5,16,1.75,127.5,18.3,1.75,3,0
127.5,18.3,1.75,127.5,21.35,1.75,3,0
127.5,21.35,1.75,127.5,24.4,1.75,3,0
127.5,24.4,1.75,127.5,27.45,1.75,3,0
127.5,27.45,1.75,127.5,30.5,1.75,3,0
127.5,30.5,1.75,127.5,33.55,1.75,3,0
127.5,33.55,1.75,127.5,36.6,1.75,3,0
127.5,36.6,1.75,127.5,38.9,1.75,3,0
127.5,38.9,1.75,127.5,41.2,1.75,3,0
127.5,41.2,1.75,127.5,42.7,1.75,3,0
127.5,42.7,1.75,127.5,44.2,1.75,3,0
127.5,44.2,1.75,127.5,46.35,1.75,3,0
127.5,46.35,1.75,127.5,48.7,1.75,3,0
135,0,1.75,135,3.05,1.75,3,0
135,3.05,1.75,135,6.1,1.75,3,0
135,6.1,1.75,135,8.4,1.75,3,0
135,8.4,1.75,135,10.7,1.75,3,0
135,10.7,1.75,135,12.2,1.75,3,0
135,12.2,1.75,135,13.7,1.75,3,0
135,13.7,1.75,135,16,1.75,3,0
135,16,1.75,135,18.3,1.75,3,0
135,18.3,1.75,135,21.35,1.75,3,0
135,21.35,1.75,135,24.4,1.75,3,0
135,24.4,1.75,135,27.45,1.75,3,0
135,27.45,1.75,135,30.5,1.75,3,0
135,30.5,1.75,135,33.55,1.75,3,0
135,33.55,1.75,135,36.6,1.75,3,0
135,36.6,1.75,135,38.9,1.75,3,0
135,38.9,1.75,135,41.2,1.75,3,0
135,41.2,1.75,135,42.7,1.75,3,0
135,42.7,1.75,135,44.2,1.75,3,0
135,44.2,1.75,135,46.35,1.75,3,0
135,46.35,1.75,135,48.7,1.75,3,0
142.5,0,1.75,142.5,3.05,1.75,3,0
142.5,3.05,1.75,142.5,6.1,1.75,3,0
142.5,6.1,1.75,142.5,8.4,1.75,3,0
142.5,8.4,1.75,142.5,10.7,1.75,3,0
142.5,10.7,1.75,142.5,12.2,1.75,3,0
142.5,12.2,1.75,142.5,13.7,1.75,3,0
142.5,13.7,1.75,142.5,16,1.75,3,0
142.5,16,1.75,142.5,18.3,1.75,3,0
142.5,18.3,1.75,142.5,21.35,1.75,3,0
142.5,21.35,1.75,142.5,24.4,1.75,3,0
142.5,24.4,1.75,142.5,27.45,1.75,3,0
142.5,27.45,1.75,142.5,30.5,1.75,3,0
142.5,30.5,1.75,142.5,33.55,1.75,3,0
142.5,33.55,1.75,142.5,36.6,1.75,3,0
142.5,36.6,1.75,142.5,38.9,1.75,3,0
142.5,38.9,1.75,142.5,41.2,1.75,3,0
142.5,41.2,1.75,142.5,42.7,1.75,3,0
142.5,42.7,1.75,142.5,44.2,1.75,3,0
142.5,44.2,1.75,142.5,46.35,1.75,3,0
142.5,46.35,1.75,142.5,48.7,1.75,3,0
150,0,1.75,150,3.05,1.75,3,0
150,3.05,1.75,150,6.1,1.75,3,0
150,6.1,1.75,150,8.4,1.75,3,0
150,8.4,1.75,150,10.7,1.75,3,0
150,10.7,1.75,150,12.2,1.75,3,0
150,12.2,1.75,150,13.7,1.75,3,0
150,13.7,1.75,150,16,1.75,3,0
150,16,1.75,150,18.3,1.75,3,0
150,18.3,1.75,150,21.35,1.75,3,0
150,21.35,1.75,150,24.4,1.75,3,0
150,24.4,1.75,150,27.45,1.75,3,0
150,27.45,1.75,150,30.5,1.75,3,0
150,30.5,1.75,150,33.55,1.75,3,0
150,33.55,1.75,150,36.6,1.75,3,0
150,36.6,1.75,150,38.9,1.75,3,0
150,38.9,1.75,150,41.2,1.75,3,0
150,41.2,1.75,150,42.7,1.75,3,0
150,42.7,1.75,150,44.2,1.75,3,0
150,44.2,1.75,150,46.35,1.75,3,0
150,46.35,1.75,150,48.7,1.75,3,0
157.5,0,1.75,157.5,3.05,1.75,3,0
157.5,3.05,1.75,157.5,6.1,1.75,3,0
157.5,6.1,1.75,157.5,8.4,1.75,3,0
157.5,8.4,1.75,157.5,10.7,1.75,3,0
157.5,10.7,1.75,157.5,12.2,1.75,3,0
157.5,12.2,1.75,157.5,13.7,1.75,3,0
157.5,13.7,1.75,157.5,16,1.75,3,0
157.5,16,1.75,157.5,18.3,1.75,3,0
157.5,18.3,1.75,157.5,21.35,1.75,3,0
157.5,21.35,1.75,157.5,24.4,1.75,3,0
157.5,24.4,1.75,157.5,27.45,1.75,3,0
157.5,27.45,1.75,157.5,30.5,1.75,3,0
157.5,30.5,1.75,157.5,33.55,1.75,3,0
157.5,33.55,1.75,157.5,36.6,1.75,3,0
157.5,36.6,1.75,157.5,38.9,1.75,3,0
157.5,38.9,1.75,157.5,41.2,1.75,3,0
157.5,41.2,1.75,157.5,42.7,1.75,3,0
157.5,42.7,1.75,157.5,44.2,1.75,3,0
157.5,44.2,1.75,157.5,46.35,1.75,3,0
157.5,46.35,1.75,157.5,48.7,1.75,3,0
165,0,1.75,165,3.05,1.75,3,0
165,3.05,1.75,165,6.1,1.75,3,0
165,6.1,1.75,165,8.4,1.75,3,0
165,8.4,1.75,165,10.7,1.75,3,0
165,10.7,1.75,165,12.2,1.75,3,0
165,12.2,1.75,165,13.7,1.75,3,0
165,13.7,1.75,165,16,1.75,3,0
165,16,1.75,165,18.3,1.75,3,0
165,18.3,1.75,165,21.35,1.75,3,0
165,21.35,1.75,165,24.4,1.75,3,0
165,24.4,1.75,165,27.45,1.75,3,0
165,27.45,1.75,165,30.5,1.75,3,0
165,30.5,1.75,165,33.55,1.75,3,0
165,33.55,1.75,165,36.6,1.75,3,0
165,36.6,1.75,165,38.9,1.75,3,0
165,38.9,1.75,165,41.2,1.75,3,0
165,41.2,1.75,165,42.7,1.75,3,0
165,42.7,1.75,165,44.2,1.75,3,0
165,44.2,1.75,165,46.35,1.75,3,0
165,46.35,1.75,165,48.7,1.75,3,0
172.5,0,1.75,172.5,3.05,1.75,3,0
172.5,3.05,1.75,172.5,6.1,1.75,3,0
172.5,6.1,1.75,172.5,8.4,1.75,3,0
172.5,8.4,1.75,172.5,10.7,1.75,3,0
172.5,10.7,1.75,172.5,12.2,1.75,3,0
172.5,12.2,1.75,172.5,13.7,1.75,3,0
172.5,13.7,1.75,172.5,16,1.75,3,0
172.5,16,1.75,172.5,18.3,1.75,3,0
172.5,18.3,1.75,172.5,21.35,1.75,3,0
172.5,21.35,1.75,172.5,24.4,1.75,3,0
172.5,24.4,1.75,172.5,27.45,1.75,3,0
172.5,27.45,1.75,172.5,30.5,1.75,3,0
172.5,30.5,1.75,172.5,33.55,1.75,3,0
172.5,33.55,1.75,172.5,36.6,1.75,3,0
172.5,36.6,1.75,172.5,38.9,1.75,3,0
172.5,38.9,1.75,172.5,41.2,1.75,3,0
172.5,41.2,1.75,172.5,42.7,1.75,3,0
172.5,42.7,1.75,172.5,44.2,1.75,3,0
172.5,44.2,1.75,172.5,46.35,1.75,3,0
172.5,46.35,1.75,172.5,48.7,1.75,3,0
180,0,1.75,180,3.05,1.75,3,0
180,3.05,1.75,180,6.1,1.75,3,0
180,6.1,1.75,180,8.4,1.75,3,0
180,8.4,1.75,180,10.7,1.75,3,0
180,10.7,1.75,180,12.2,1.75,3,0
180,12.2,1.75,180,13.7,1.75,3,0
180,13.7,1.75,180,16,1.75,3,0
180,16,1.75,180,18.3,1.75,3,0
180,18.3,1.75,180,21.35,1.75,3,0
180,21.35,1.75,180,24.4,1.75,3,0
180,24.4,1.75,180,27.45,1.75,3,0
180,27.45,1.75,180,30.5,1.75,3,0
180,30.5,1.75,180,33.55,1.75,3,0
180,33.55,1.75,180,36.6,1.75,3,0
180,36.6,1.75,180,38.9,1.75,3,0
180,38.9,1.75,180,41.2,1.75,3,0
180,41.2,1.75,180,42.7,1.75,3,0
180,42.7,1.75,180,44.2,1.75,3,0
180,44.2,1.75,180,46.35,1.75,3,0
180,46.35,1.75,180,48.7,1.75,3,0
187.5,0,1.75,187.5,3.05,1.75,3,0
187.5,3.05,1.75,187.5,6.1,1.75,3,0
187.5,6.1,1.75,187.5,8.4,1.75,3,0
187.5,8.4,1.75,187.5,10.7,1.75,3,0
187.5,10.7,1.75,187.5,12.2,1.75,3,0
187.5,12.2,1.75,187.5,13.7,1.75,3,0
187.5,13.7,1.75,187.5,16,1.75,3,0
187.5,16,1.75,187.5,18.3,1.75,3,0
187.5,18.3,1.75,187.5,21.35,1.75,3,0
187.5,21.35,1.75,187.5,24.4,1.75,3,0
187.5,24.4,1.75,187.5,27.45,1.75,3,0
187.5,27.45,1.75,187.5,30.5,1.75,3,0
187.5,30.5,1.75,187.5,33.55,1.75,3,0
187.5,33.55,1.75,187.5,36.6,1.75,3,0
187.5,36.6,1.75,187.5,38.9,1.75,3,0
187.5,38.9,1.75,187.5,41.2,1.75,3,0
187.5,41.2,1.75,187.5,42.7,1.75,3,0
187.5,42.7,1.75,187.5,44.2,1.75,3,0
187.5,44.2,1.75,187.5,46.35,1.75,3,0
187.5,46.35,1.75,187.5,48.7,1.75,3,0
195,0,1.75,195,3.05,1.75,3,0
195,3.05,1.75,195,6.1,1.75,3,0
195,6.1,1.75,195,8.4,1.75,3,0
195,8.4,1.75,195,10.7,1.75,3,0
195,10.7,1.75,195,12.2,1.75,3,0
195,12.2,1.75,195,13.7,1.75,3,0
195,13.7,1.75,195,16,1.75,3,0
195,16,1.75,195,18.3,1.75,3,0
195,18.3,1.75,195,21.35,1.75,3,0
195,21.35,1.75,195,24.4,1.75,3,0
195,24.4,1.75,195,27.45,1.75,3,0
195,27.45,1.75,195,30.5,1.75,3,0
195,30.5,1.75,195,33.55,1.75,3,0
195,33.55,1.75,195,36.6,1.75,3,0
195,36.6,1.75,195,38.9,1.75,3,0
195,38.9,1.75,195,41.2,1.75,3,0
195,41.2,1.75,195,42.7,1.75,3,0
195,42.7,1.75,195,44.2,1.75,3,0
195,44.2,1.75,195,46.35,1.75,3,0
195,46.35,1.75,195,48.7,1.75,3,0
202.5,0,1.75,202.5,3.05,1.75,3,0
202.5,3.05,1.75,202.5,6.1,1.75,3,0
202.5,6.1,1.75,202.5,8.4,1.75,3,0
202.5,8.4,1.75,202.5,10.7,1.75,3,0
202.5,10.7,1.75,202.5,12.2,1.75,3,0
202.5,12.2,1.75,202.5,13.7,1.75,3,0
202.5,13.7,1.75,202.5,16,1.75,3,0
202.5,16,1.75,202.5,18.3,1.75,3,0
202.5,18.3,1.75,202.5,21.35,1.75,3,0
202.5,21.35,1.75,202.5,24.4,1.75,3,0
202.5,24.4,1.75,202.5,27.45,1.75,3,0
202.5,27.45,1.75,202.5,30.5,1.75,3,0
202.5,30.5,1.75,202.5,33.55,1.75,3,0
202.5,33.55,1.75,202.5,36.6,1.75,3,0
202.5,36.6,1.75,202.5,38.9,1.75,3,0
202.5,38.9,1.75,202.5,41.2,1.75,3,0
202.5,41.2,1.75,202.5,42.7,1.75,3,0
202.5,42.7,1.75,202.5,44.2,1.75,3,0
202.5,44.2,1.75,202.5,46.35,1.75,3,0
202.5,46.35,1.75,202.5,48.7,1.75,3,0
210,0,1.75,210,3.05,1.75,3,0
210,3.05,1.75,210,6.1,1.75,3,0
210,6.1,1.75,210,8.4,1.75,3,0
210,8.4,1.75,210,10.7,1.75,3,0
210,10.7,1.75,210,12.2,1.75,3,0
210,12.2,1.75,210,13.7,1.75,3,0
210,13.7,1.75,210,16,1.75,3,0
210,16,1.75,210,18.3,1.75,3,0
210,18.3,1.75,210,21.35,1.75,3,0
210,21.35,1.75,210,24.4,1.75,3,0
210,24.4,1.75,210,27.45,1.75,3,0
210,27.45,1.75,210,30.5,1.75,3,0
210,30.5,1.75,210,33.55,1.75,3,0
210,33.55,1.75,210,36.6,1.75,3,0
210,36.6,1.75,210,38.9,1.75,3,0
210,38.9,1.75,210,41.2,1.75,3,0
210,41.2,1.75,210,42.7,1.75,3,0
210,42.7,1.75,210,44.2,1.75,3,0
210,44.2,1.75,210,46.35,1.75,3,0
210,46.35,1.75,210,48.7,1.75,3,0
217.5,0,1.75,217.5,3.05,1.75,3,0
217.5,3.05,1.75,217.5,6.1,1.75,3,0
217.5,6.1,1.75,217.5,8.4,1.75,3,0
217.5,8.4,1.75,217.5,10.7,1.75,3,0
217.5,10.7,1.75,217.5,12.2,1.75,3,0
217.5,12.2,1.75,217.5,13.7,1.75,3,0
217.5,13.7,1.75,217.5,16,1.75,3,0
217.5,16,1.75,217.5,18.3,1.75,3,0
217.5,18.3,1.75,217.5,21.35,1.75,3,0
217.5,21.35,1.75,217.5,24.4,1.75,3,0
217.5,24.4,1.75,217.5,27.45,1.75,3,0
217.5,27.45,1.75,217.5,30.5,1.75,3,0
217.5,30.5,1.75,217.5,33.55,1.75,3,0
217.5,33.55,1.75,217.5,36.6,1.75,3,0
217.5,36.6,1.75,217.5,38.9,1.75,3,0
217.5,38.9,1.75,217.5,41.2,1.75,3,0
217.5,41.2,1.75,217.5,42.7,1.75,3,0
217.5,42.7,1.75,217.5,44.2,1.75,3,0
217.5,44.2,1.75,217.5,46.35,1.75,3,0
217.5,46.35,1.75,217.5,48.7,1.75,3,0
225,0,1.75,225,3.05,1.75,3,0
225,3.05,1.75,225,6.1,1.75,3,0
225,6.1,1.75,225,8.4,1.75,3,0
225,8.4,1.75,225,10.7,1.75,3,0
225,10.7,1.75,225,12.2,1.75,3,0
225,12.2,1.75,225,13.7,1.75,3,0
225,13.7,1.75,225,16,1.75,3,0
225,16,1.75,225,18.3,1.75,3,0
225,18.3,1.75,225,21.35,1.75,3,0
225,21.35,1.75,225,24.4,1.75,3,0
225,24.4,1.75,225,27.45,1.75,3,0
225,27.45,1.75,225,30.5,1.75,3,0
225,30.5,1.75,225,33.55,1.75,3,0
225,33.55,1.75,225,36.6,1.75,3,0
225,36.6,1.75,225,38.9,1.75,3,0
225,38.9,1.75,225,41.2,1.75,3,0
225,41.2,1.75,225,42.7,1.75,3,0
225,42.7,1.75,225,44.2,1.75,3,0
225,44.2,1.75,225,46.35,1.75,3,0
225,46.35,1.75,225,48.7,1.75,3,0
232.5,0,1.75,232.5,3.05,1.75,3,0
232.5,3.05,1.75,232.5,6.1,1.75,3,0
232.5,6.1,1.75,232.5,8.4,1.75,3,0
232.5,8.4,1.75,232.5,10.7,1.75,3,0
232.5,10.7,1.75,232.5,12.2,1.75,3,0
232.5,12.2,1.75,232.5,13.7,1.75,3,0
232.5,13.7,1.75,232.5,16,1.75,3,0
232.5,16,1.75,232.5,18.3,1.75,3,0
232.5,18.3,1.75,232.5,21.35,1.75,3,0
232.5,21.35,1.75,232.5,24.4,1.75,3,0
232.5,24.4,1.75,232.5,27.45,1.75,3,0
232.5,27.45,1.75,232.5,30.5,1.75,3,0
232.5,30.5,1.75,232.5,33.55,1.75,3,0
232.5,33.55,1.75,232.5,36.6,1.75,3,0
232.5,36.6,1.75,232.5,38.9,1.75,3,0
232.5,38.9,1.75,232.5,41.2,1.75,3,0
232.5,41.2,1.75,232.5,42.7,1.75,3,0
232.5,42.7,1.75,232.5,44.2,1.75,3,0
232.5,44.2,1.75,232.5,46.35,1.75,3,0
232.5,46.35,1.75,232.5,48.7,1.75,3,0
240,0,1.75,240,3.05,1.75,3,0
240,3.05,1.75,240,6.1,1.75,3,0
240,6.1,1.75,240,8.4,1.75,3,0
240,8.4,1.75,240,10.7,1.75,3,0
240,10.7,1.75,240,12.2,1.75,3,0
240,12.2,1.75,240,13.7,1.75,3,0
240,13.7,1.75,240,16,1.75,3,0
240,16,1.75,240,18.3,1.75,3,0
240,18.3,1.75,240,21.35,1.75,3,0
240,21.35,1.75,240,24.4,1.75,3,0
240,24.4,1.75,240,27.45,1.75,3,0
240,27.45,1.75,240,30.5,1.75,3,0
240,30.5,1.75,240,33.55,1.75,3,0
240,33.55,1.75,240,36.6,1.75,3,0
240,36.6,1.75,240,38.9,1.75,3,0
240,38.9,1.75,240,41.2,1.75,3,0
240,41.2,1.75,240,42.7,1.75,3,0
240,42.7,1.75,240,44.2,1.75,3,0
240,44.2,1.75,240,46.35,1.75,3,0
240,46.35,1.75,240,48.7,1.75,3,0
247.5,0,1.75,247.5,3.05,1.75,3,0
247.5,3.05,1.75,247.5,6.1,1.75,3,0
247.5,6.1,1.75,247.5,8.4,1.75,3,0
247.5,8.4,1.75,247.5,10.7,1.75,3,0
247.5,10.7,1.75,247.5,12.2,1.75,3,0
247.5,12.2,1.75,247.5,13.7,1.75,3,0
247.5,13.7,1.75,247.5,16,1.75,3,0
247.5,16,1.75,247.5,18.3,1.75,3,0
247.5,18.3,1.75,247.5,21.35,1.75,3,0
247.5,21.35,1.75,247.5,24.4,1.75,3,0
247.5,24.4,1.75,247.5,27.45,1.75,3,0
247.5,27.45,1.75,247.5,30.5,1.75,3,0
247.5,30.5,1.75,247.5,33.55,1.75,3,0
247.5,33.55,1.75,247.5,36.6,1.75,3,0
247.5,36.6,1.75,247.5,38.9,1.75,3,0
247.5,38.9,1.75,247.5,41.2,1.75,3,0
247.5,41.2,1.75,247.5,42.7,1.75,3,0
247.5,42.7,1.75,247.5,44.2,1.75,3,0
247.5,44.2,1.75,247.5,46.35,1.75,3,0
247.5,46.35,1.75,247.5,48.7,1.75,3,0
255,0,1.75,255,3.05,1.75,3,0
255,3.05,1.75,255,6.1,1.75,3,0
255,6.1,1.75,255,8.4,1.75,3,0
255,8.4,1.75,255,10.7,1.75,3,0
255,10.7,1.75,255,12.2,1.75,3,0
255,12.2,1.75,255,13.7,1.75,3,0
255,13.7,1.75,255,16,1.75,3,0
255,16,1.75,255,18.3,1.75,3,0
255,18.3,1.75,255,21.35,1.75,3,0
255,21.35,1.75,255,24.4,1.75,3,0
255,24.4,1.75,255,27.45,1.75,3,0
255,27.45,1.75,255,30.5,1.75,3,0
255,30.5,1.75,255,33.55,1.75,3,0
255,33.55,1.75,255,36.6,1.75,3,0
255,36.6,1.75,255,38.9,1.75,3,0
255,38.9,1.75,255,41.2,1.75,3,0
255,41.2,1.75,255,42.7,1.75,3,0
255,42.7,1.75,255,44.2,1.75,3,0
255,44.2,1.75,255,46.35,1.75,3,0
255,46.35,1.75,255,48.7,1.75,3,0
262.5,0,1.75,262.5,3.05,1.75,3,0
262.5,3.05,1.75,262.5,6.1,1.75,3,0
262.5,6.1,1.75,262.5,8.4,1.75,3,0
262.5,8.4,1.75,262.5,10.7,1.75,3,0
262.5,10.7,1.75,262.5,12.2,1.75,3,0
262.5,12.2,1.75,262.5,13.7,1.75,3,0
262.5,13.7,1.75,262.5,16,1.75,3,0
262.5,16,1.75,262.5,18.3,1.75,3,0
262.5,18.3,1.75,262.5,21.35,1.75,3,0
262.5,21.35,1.75,262.5,24.4,1.75,3,0
262.5,24.4,1.75,262.5,27.45,1.75,3,0
262.5,27.45,1.75,262.5,30.5,1.75,3,0
262.5,30.5,1.75,262.5,33.55,1.75,3,0
262.5,33.55,1.75,262.5,36.6,1.75,3,0
262.5,36.6,1.75,262.5,38.9,1.75,3,0
262.5,38.9,1.75,262.5,41.2,1.75,3,0
262.5,41.2,1.75,262.5,42.7,1.75,3,0
262.5,42.7,1.75,262.5,44.2,1.75,3,0
262.5,44.2,1.75,262.5,46.35,1.75,3,0
262.5,46.35,1.75,262.5,48.7,1.75,3,0
270,0,1.75,270,3.05,1.75,3,0
270,3.05,1.75,270,6.1,1.75,3,0
270,6.1,1.75,270,8.4,1.75,3,0
270,8.4,1.75,270,10.7,1.75,3,0
270,10.7,1.75,270,12.2,1.75,3,0
270,12.2,1.75,270,13.7,1.75,3,0
270,13.7,1.75,270,16,1.75,3,0
270,16,1.75,270,18.3,1.75,3,0
270,18.3,1.75,270,21.35,1.75,3,0
270,21.35,1.75,270,24.4,1.75,3,0
270,24.4,1.75,270,27.45,1.75,3,0
270,27.45,1.75,270,30.5,1.75,3,0
270,30.5,1.75,270,33.55,1.75,3,0
270,33.55,1.75,270,36.6,1.75,3,0
270,36.6,1.75,270,38.9,1.75,3,0
270,38.9,1.75,270,41.2,1.75,3,0
270,41.2,1.75,270,42.7,1.75,3,0
270,42.7,1.75,270,44.2,1.75,3,0
270,44.2,1.75,270,46.35,1.75,3,0
270,46.35,1.75,270,48.7,1.75,3,0
277.5,0,1.75,277.5,3.05,1.75,3,0
277.5,3.05,1.75,277.5,6.1,1.75,3,0
277.5,6.1,1.75,277.5,8.4,1.75,3,0
277.5,8.4,1.75,277.5,10.7,1.75,3,0
277.5,10.7,1.75,277.5,12.2,1.75,3,0
277.5,12.2,1.75,277.5,13.7,1.75,3,0
277.5,13.7,1.75,277.5,16,1.75,3,0
277.5,16,1.75,277.5,18.3,1.75,3,0
277.5,18.3,1.75,277.5,21.35,1.75,3,0
277.5,21.35,1.75,277.5,24.4,1.75,3,0
277.5,24.4,1.75,277.5,27.45,1.75,3,0
277.5,27.45,1.75,277.5,30.5,1.75,3,0
277.5,30.5,1.75,277.5,33.55,1.75,3,0
277.5,33.55,1.75,277.5,36.6,1.75,3,0
277.5,36.6,1.75,277.5,38.9,1.75,3,0
277.5,38.9,1.75,277.5,41.2,1.75,3,0
277.5,41.2,1.75,277.5,42.7,1.75,3,0
277.5,42.7,1.75,277.5,44.2,1.75,3,0
277.5,44.2,1.75,277.5,46.35,1.75,3,0
277.5,46.35,1.75,277.5,48.7,1.75,3,0
285,0,1.75,285,3.05,1.75,3,0
285,3.05,1.75,285,6.1,1.75,3,0
285,6.1,1.75,285,8.4,1.75,3,0
285,8.4,1.75,285,10.7,1.75,3,0
285,10.7,1.75,285,12.2,1.75,3,0
285,12.2,1.75,285,13.7,1.75,3,0
285,13.7,1.75,285,16,1.75,3,0
285,16,1.75,285,18.3,1.75,3,0
285,18.3,1.75,285,21.35,1.75,3,0
285,21.35,1.75,285,24.4,1.75,3,0
285,24.4,1.75,285,27.45,1.75,3,0
285,27.45,1.75,285,30.5,1.75,3,0
285,30.5,1.75,285,33.55,1.75,3,0
285,33.55,1.75,285,36.6,1.75,3,0
285,36.6,1.75,285,38.9,1.75,3,0
285,38.9,1.75,285,41.2,1.75,3,0
285,41.2,1.75,285,42.7,1.75,3,0
285,42.7,1.75,285,44.2,1.75,3,0
285,44.2,1.75,285,46.35,1.75,3,0
285,46.35,1.75,285,48.7,1.75,3,0
292.5,0,1.75,292.5,3.05,1.75,3,0
292.5,3.05,1.75,292.5,6.1,1.75,3,0
292.5,6.1,1.75,292.5,8.4,1.75,3,0
292.5,8.4,1.75,292.5,10.7,1.75,3,0
292.5,10.7,1.75,292.5,12.2,1.75,3,0
292.5,12.2,1.75,292.5,13.7,1.75,3,0
292.5,13.7,1.75,292.5,16,1.75,3,0
292.5,16,1.75,292.5,18.3,1.75,3,0
292.5,18.3,1.75,292.5,21.35,1.75,3,0
292.5,21.35,1.75,292.5,24.4,1.75,3,0
292.5,24.4,1.75,292.5,27.45,1.75,3,0
292.5,27.45,1.75,292.5,30.5,1.75,3,0
292.5,30.5,1.75,292.5,33.55,1.75,3,0
292.5,33.55,1.75,292.5,36.6,1.75,3,0
292.5,36.6,1.75,292.5,38.9,1.75,3,0
292.5,38.9,1.75,292.5,41.2,1.75,3,0
292.5,41.2,1.75,292.5,42.7,1.75,3,0
292.5,42.7,1.75,292.5,44.2,1.75,3,0
292.5,44.2,1.75,292.5,46.35,1.75,3,0
292.5,46.35,1.75,292.5,48.7,1.75,3,0
300,0,1.75,300,3.05,1.75,3,0
300,3.05,1.75,300,6.1,1.75,3,0
300,6.1,1.75,300,8.4,1.75,3,0
300,8.4,1.75,300,10.7,1.75,3,0
300,10.7,1.75,300,12.2,1.75,3,0
300,12.2,1.75,300,13.7,1.75,3,0
300,13.7,1.75,300,16,1.75,3,0
300,16,1.75,300,18.3,1.75,3,0
300,18.3,1.75,300,21.35,1.75,3,0
300,21.35,1.75,300,24.4,1.75,3,0
300,24.4,1.75,300,27.45,1.75,3,0
300,27.45,1.75,300,30.5,1.75,3,0
300,30.5,1.75,300,33.55,1.75,3,0
300,33.55,1.75,300,36.6,1.75,3,0
300,36.6,1.75,300,38.9,1.75,3,0
300,38.9,1.75,300,41.2,1.75,3,0
300,41.2,1.75,300,42.7,1.75,3,0
300,42.7,1.75,300,44.2,1.75,3,0
300,44.2,1.75,300,46.35,1.75,3,0
300,46.35,1.75,300,48.7,1.75,3,0
307.5,0,1.75,307.5,3.05,1.75,3,0
307.5,3.05,1.75,307.5,6.1,1.75,3,0
307.5,6.1,1.75,307.5,8.4,1.75,3,0
307.5,8.4,1.75,307.5,10.7,1.75,3,0
307.5,10.7,1.75,307.5,12.2,1.75,3,0
307.5,12.2,1.75,307.5,13.7,1.75,3,0
307.5,13.7,1.75,307.5,16,1.75,3,0
307.5,16,1.75,307.5,18.3,1.75,3,0
307.5,18.3,1.75,307.5,21.35,1.75,3,0
307.5,21.35,1.75,307.5,24.4,1.75,3,0
307.5,24.4,1.75,307.5,27.45,1.75,3,0
307.5,27.45,1.75,307.5,30.5,1.75,3,0
307.5,30.5,1.75,307.5,33.55,1.75,3,0
307.5,33.55,1.75,307.5,36.6,1.75,3,0
307.5,36.6,1.75,307.5,38.9,1.75,3,0
307.5,38.9,1.75,307.5,41.2,1.75,3,0
307.5,41.2,1.75,307.5,42.7,1.75,3,0
307.5,42.7,1.75,307.5,44.2,1.75,3,0
307.5,44.2,1.75,307.5,46.35,1.75,3,0
307.5,46.35,1.75,307.5,48.7,1.75,3,0
315,0,1.75,315,3.05,1.75,3,0
315,3.05,1.75,315,6.1,1.75,3,0
315,6.1,1.75,315,8.4,1.75,3,0
315,8.4,1.75,315,10.7,1.75,3,0
315,10.7,1.75,315,12.2,1.75,3,0
315,12.2,1.75,315,13.7,1.75,3,0
315,13.7,1.75,315,16,1.75,3,0
315,16,1.75,315,18.3,1.75,3,0
315,18.3,1.75,315,21.35,1.75,3,0
315,21.35,1.75,315,24.4,1.75,3,0
315,24.4,1.75,315,27.45,1.75,3,0
315,27.45,1.75,315,30.5,1.75,3,0
315,30.5,1.75,315,33.55,1.75,3,0
315,33.55,1.75,315,36.6,1.75,3,0
315,36.6,1.75,315,38.9,1.75,3,0
315,38.9,1.75,315,41.2,1.75,3,0
315,41.2,1.75,315,42.7,1.75,3,0
315,42.7,1.75,315,44.2,1.75,3,0
315,44.2,1.75,315,46.35,1.75,3,0
315,46.35,1.75,315,48.7,1.75,3,0
