PROYECTO:TESIS-ESCALAMIENTO_DE_SEÑALES_SISMICAS_EN_MUELLES
AUTOR: ING. JUAN CARLOS PANTOJA
ARCHIVO: MUELLE 20:1 - 323
DESCRIPCIÓN: FRAMES DE VIGAS GRUA
RECUENTO: 260 ELTOS


-4,12.2,1.75,-2.5,12.2,1.75,3,0
-2.5,12.2,1.75,0,12.2,1.75,3,0
0,12.2,1.75,2.5,12.2,1.75,3,0
2.5,12.2,1.75,5,12.2,1.75,3,0
5,12.2,1.75,7.5,12.2,1.75,3,0
7.5,12.2,1.75,10,12.2,1.75,3,0
10,12.2,1.75,12.5,12.2,1.75,3,0
12.5,12.2,1.75,15,12.2,1.75,3,0
15,12.2,1.75,17.5,12.2,1.75,3,0
17.5,12.2,1.75,20,12.2,1.75,3,0
20,12.2,1.75,22.5,12.2,1.75,3,0
22.5,12.2,1.75,25,12.2,1.75,3,0
25,12.2,1.75,27.5,12.2,1.75,3,0
27.5,12.2,1.75,30,12.2,1.75,3,0
30,12.2,1.75,32.5,12.2,1.75,3,0
32.5,12.2,1.75,35,12.2,1.75,3,0
35,12.2,1.75,37.5,12.2,1.75,3,0
37.5,12.2,1.75,40,12.2,1.75,3,0
40,12.2,1.75,42.5,12.2,1.75,3,0
42.5,12.2,1.75,45,12.2,1.75,3,0
45,12.2,1.75,47.5,12.2,1.75,3,0
47.5,12.2,1.75,50,12.2,1.75,3,0
50,12.2,1.75,52.5,12.2,1.75,3,0
52.5,12.2,1.75,55,12.2,1.75,3,0
55,12.2,1.75,57.5,12.2,1.75,3,0
57.5,12.2,1.75,60,12.2,1.75,3,0
60,12.2,1.75,62.5,12.2,1.75,3,0
62.5,12.2,1.75,65,12.2,1.75,3,0
65,12.2,1.75,67.5,12.2,1.75,3,0
67.5,12.2,1.75,70,12.2,1.75,3,0
70,12.2,1.75,72.5,12.2,1.75,3,0
72.5,12.2,1.75,75,12.2,1.75,3,0
75,12.2,1.75,77.5,12.2,1.75,3,0
77.5,12.2,1.75,80,12.2,1.75,3,0
80,12.2,1.75,82.5,12.2,1.75,3,0
82.5,12.2,1.75,85,12.2,1.75,3,0
85,12.2,1.75,87.5,12.2,1.75,3,0
87.5,12.2,1.75,90,12.2,1.75,3,0
90,12.2,1.75,92.5,12.2,1.75,3,0
92.5,12.2,1.75,95,12.2,1.75,3,0
95,12.2,1.75,97.5,12.2,1.75,3,0
97.5,12.2,1.75,100,12.2,1.75,3,0
100,12.2,1.75,102.5,12.2,1.75,3,0
102.5,12.2,1.75,105,12.2,1.75,3,0
105,12.2,1.75,107.5,12.2,1.75,3,0
107.5,12.2,1.75,110,12.2,1.75,3,0
110,12.2,1.75,112.5,12.2,1.75,3,0
112.5,12.2,1.75,115,12.2,1.75,3,0
115,12.2,1.75,117.5,12.2,1.75,3,0
117.5,12.2,1.75,120,12.2,1.75,3,0
120,12.2,1.75,122.5,12.2,1.75,3,0
122.5,12.2,1.75,125,12.2,1.75,3,0
125,12.2,1.75,127.5,12.2,1.75,3,0
127.5,12.2,1.75,130,12.2,1.75,3,0
130,12.2,1.75,132.5,12.2,1.75,3,0
132.5,12.2,1.75,135,12.2,1.75,3,0
135,12.2,1.75,137.5,12.2,1.75,3,0
137.5,12.2,1.75,140,12.2,1.75,3,0
140,12.2,1.75,142.5,12.2,1.75,3,0
142.5,12.2,1.75,145,12.2,1.75,3,0
145,12.2,1.75,147.5,12.2,1.75,3,0
147.5,12.2,1.75,150,12.2,1.75,3,0
150,12.2,1.75,152.5,12.2,1.75,3,0
152.5,12.2,1.75,155,12.2,1.75,3,0
155,12.2,1.75,157.5,12.2,1.75,3,0
157.5,12.2,1.75,160,12.2,1.75,3,0
160,12.2,1.75,162.5,12.2,1.75,3,0
162.5,12.2,1.75,165,12.2,1.75,3,0
165,12.2,1.75,167.5,12.2,1.75,3,0
167.5,12.2,1.75,170,12.2,1.75,3,0
170,12.2,1.75,172.5,12.2,1.75,3,0
172.5,12.2,1.75,175,12.2,1.75,3,0
175,12.2,1.75,177.5,12.2,1.75,3,0
177.5,12.2,1.75,180,12.2,1.75,3,0
180,12.2,1.75,182.5,12.2,1.75,3,0
182.5,12.2,1.75,185,12.2,1.75,3,0
185,12.2,1.75,187.5,12.2,1.75,3,0
187.5,12.2,1.75,190,12.2,1.75,3,0
190,12.2,1.75,192.5,12.2,1.75,3,0
192.5,12.2,1.75,195,12.2,1.75,3,0
195,12.2,1.75,197.5,12.2,1.75,3,0
197.5,12.2,1.75,200,12.2,1.75,3,0
200,12.2,1.75,202.5,12.2,1.75,3,0
202.5,12.2,1.75,205,12.2,1.75,3,0
205,12.2,1.75,207.5,12.2,1.75,3,0
207.5,12.2,1.75,210,12.2,1.75,3,0
210,12.2,1.75,212.5,12.2,1.75,3,0
212.5,12.2,1.75,215,12.2,1.75,3,0
215,12.2,1.75,217.5,12.2,1.75,3,0
217.5,12.2,1.75,220,12.2,1.75,3,0
220,12.2,1.75,222.5,12.2,1.75,3,0
222.5,12.2,1.75,225,12.2,1.75,3,0
225,12.2,1.75,227.5,12.2,1.75,3,0
227.5,12.2,1.75,230,12.2,1.75,3,0
230,12.2,1.75,232.5,12.2,1.75,3,0
232.5,12.2,1.75,235,12.2,1.75,3,0
235,12.2,1.75,237.5,12.2,1.75,3,0
237.5,12.2,1.75,240,12.2,1.75,3,0
240,12.2,1.75,242.5,12.2,1.75,3,0
242.5,12.2,1.75,245,12.2,1.75,3,0
245,12.2,1.75,247.5,12.2,1.75,3,0
247.5,12.2,1.75,250,12.2,1.75,3,0
250,12.2,1.75,252.5,12.2,1.75,3,0
252.5,12.2,1.75,255,12.2,1.75,3,0
255,12.2,1.75,257.5,12.2,1.75,3,0
257.5,12.2,1.75,260,12.2,1.75,3,0
260,12.2,1.75,262.5,12.2,1.75,3,0
262.5,12.2,1.75,265,12.2,1.75,3,0
265,12.2,1.75,267.5,12.2,1.75,3,0
267.5,12.2,1.75,270,12.2,1.75,3,0
270,12.2,1.75,272.5,12.2,1.75,3,0
272.5,12.2,1.75,275,12.2,1.75,3,0
275,12.2,1.75,277.5,12.2,1.75,3,0
277.5,12.2,1.75,280,12.2,1.75,3,0
280,12.2,1.75,282.5,12.2,1.75,3,0
282.5,12.2,1.75,285,12.2,1.75,3,0
285,12.2,1.75,287.5,12.2,1.75,3,0
287.5,12.2,1.75,290,12.2,1.75,3,0
290,12.2,1.75,292.5,12.2,1.75,3,0
292.5,12.2,1.75,295,12.2,1.75,3,0
295,12.2,1.75,297.5,12.2,1.75,3,0
297.5,12.2,1.75,300,12.2,1.75,3,0
300,12.2,1.75,302.5,12.2,1.75,3,0
302.5,12.2,1.75,305,12.2,1.75,3,0
305,12.2,1.75,307.5,12.2,1.75,3,0
307.5,12.2,1.75,310,12.2,1.75,3,0
310,12.2,1.75,312.5,12.2,1.75,3,0
312.5,12.2,1.75,315,12.2,1.75,3,0
315,12.2,1.75,317.5,12.2,1.75,3,0
317.5,12.2,1.75,319,12.2,1.75,3,0
-4,42.7,1.75,-2.5,42.7,1.75,3,0
-2.5,42.7,1.75,0,42.7,1.75,3,0
0,42.7,1.75,2.5,42.7,1.75,3,0
2.5,42.7,1.75,5,42.7,1.75,3,0
5,42.7,1.75,7.5,42.7,1.75,3,0
7.5,42.7,1.75,10,42.7,1.75,3,0
10,42.7,1.75,12.5,42.7,1.75,3,0
12.5,42.7,1.75,15,42.7,1.75,3,0
15,42.7,1.75,17.5,42.7,1.75,3,0
17.5,42.7,1.75,20,42.7,1.75,3,0
20,42.7,1.75,22.5,42.7,1.75,3,0
22.5,42.7,1.75,25,42.7,1.75,3,0
25,42.7,1.75,27.5,42.7,1.75,3,0
27.5,42.7,1.75,30,42.7,1.75,3,0
30,42.7,1.75,32.5,42.7,1.75,3,0
32.5,42.7,1.75,35,42.7,1.75,3,0
35,42.7,1.75,37.5,42.7,1.75,3,0
37.5,42.7,1.75,40,42.7,1.75,3,0
40,42.7,1.75,42.5,42.7,1.75,3,0
42.5,42.7,1.75,45,42.7,1.75,3,0
45,42.7,1.75,47.5,42.7,1.75,3,0
47.5,42.7,1.75,50,42.7,1.75,3,0
50,42.7,1.75,52.5,42.7,1.75,3,0
52.5,42.7,1.75,55,42.7,1.75,3,0
55,42.7,1.75,57.5,42.7,1.75,3,0
57.5,42.7,1.75,60,42.7,1.75,3,0
60,42.7,1.75,62.5,42.7,1.75,3,0
62.5,42.7,1.75,65,42.7,1.75,3,0
65,42.7,1.75,67.5,42.7,1.75,3,0
67.5,42.7,1.75,70,42.7,1.75,3,0
70,42.7,1.75,72.5,42.7,1.75,3,0
72.5,42.7,1.75,75,42.7,1.75,3,0
75,42.7,1.75,77.5,42.7,1.75,3,0
77.5,42.7,1.75,80,42.7,1.75,3,0
80,42.7,1.75,82.5,42.7,1.75,3,0
82.5,42.7,1.75,85,42.7,1.75,3,0
85,42.7,1.75,87.5,42.7,1.75,3,0
87.5,42.7,1.75,90,42.7,1.75,3,0
90,42.7,1.75,92.5,42.7,1.75,3,0
92.5,42.7,1.75,95,42.7,1.75,3,0
95,42.7,1.75,97.5,42.7,1.75,3,0
97.5,42.7,1.75,100,42.7,1.75,3,0
100,42.7,1.75,102.5,42.7,1.75,3,0
102.5,42.7,1.75,105,42.7,1.75,3,0
105,42.7,1.75,107.5,42.7,1.75,3,0
107.5,42.7,1.75,110,42.7,1.75,3,0
110,42.7,1.75,112.5,42.7,1.75,3,0
112.5,42.7,1.75,115,42.7,1.75,3,0
115,42.7,1.75,117.5,42.7,1.75,3,0
117.5,42.7,1.75,120,42.7,1.75,3,0
120,42.7,1.75,122.5,42.7,1.75,3,0
122.5,42.7,1.75,125,42.7,1.75,3,0
125,42.7,1.75,127.5,42.7,1.75,3,0
127.5,42.7,1.75,130,42.7,1.75,3,0
130,42.7,1.75,132.5,42.7,1.75,3,0
132.5,42.7,1.75,135,42.7,1.75,3,0
135,42.7,1.75,137.5,42.7,1.75,3,0
137.5,42.7,1.75,140,42.7,1.75,3,0
140,42.7,1.75,142.5,42.7,1.75,3,0
142.5,42.7,1.75,145,42.7,1.75,3,0
145,42.7,1.75,147.5,42.7,1.75,3,0
147.5,42.7,1.75,150,42.7,1.75,3,0
150,42.7,1.75,152.5,42.7,1.75,3,0
152.5,42.7,1.75,155,42.7,1.75,3,0
155,42.7,1.75,157.5,42.7,1.75,3,0
157.5,42.7,1.75,160,42.7,1.75,3,0
160,42.7,1.75,162.5,42.7,1.75,3,0
162.5,42.7,1.75,165,42.7,1.75,3,0
165,42.7,1.75,167.5,42.7,1.75,3,0
167.5,42.7,1.75,170,42.7,1.75,3,0
170,42.7,1.75,172.5,42.7,1.75,3,0
172.5,42.7,1.75,175,42.7,1.75,3,0
175,42.7,1.75,177.5,42.7,1.75,3,0
177.5,42.7,1.75,180,42.7,1.75,3,0
180,42.7,1.75,182.5,42.7,1.75,3,0
182.5,42.7,1.75,185,42.7,1.75,3,0
185,42.7,1.75,187.5,42.7,1.75,3,0
187.5,42.7,1.75,190,42.7,1.75,3,0
190,42.7,1.75,192.5,42.7,1.75,3,0
192.5,42.7,1.75,195,42.7,1.75,3,0
195,42.7,1.75,197.5,42.7,1.75,3,0
197.5,42.7,1.75,200,42.7,1.75,3,0
200,42.7,1.75,202.5,42.7,1.75,3,0
202.5,42.7,1.75,205,42.7,1.75,3,0
205,42.7,1.75,207.5,42.7,1.75,3,0
207.5,42.7,1.75,210,42.7,1.75,3,0
210,42.7,1.75,212.5,42.7,1.75,3,0
212.5,42.7,1.75,215,42.7,1.75,3,0
215,42.7,1.75,217.5,42.7,1.75,3,0
217.5,42.7,1.75,220,42.7,1.75,3,0
220,42.7,1.75,222.5,42.7,1.75,3,0
222.5,42.7,1.75,225,42.7,1.75,3,0
225,42.7,1.75,227.5,42.7,1.75,3,0
227.5,42.7,1.75,230,42.7,1.75,3,0
230,42.7,1.75,232.5,42.7,1.75,3,0
232.5,42.7,1.75,235,42.7,1.75,3,0
235,42.7,1.75,237.5,42.7,1.75,3,0
237.5,42.7,1.75,240,42.7,1.75,3,0
240,42.7,1.75,242.5,42.7,1.75,3,0
242.5,42.7,1.75,245,42.7,1.75,3,0
245,42.7,1.75,247.5,42.7,1.75,3,0
247.5,42.7,1.75,250,42.7,1.75,3,0
250,42.7,1.75,252.5,42.7,1.75,3,0
252.5,42.7,1.75,255,42.7,1.75,3,0
255,42.7,1.75,257.5,42.7,1.75,3,0
257.5,42.7,1.75,260,42.7,1.75,3,0
260,42.7,1.75,262.5,42.7,1.75,3,0
262.5,42.7,1.75,265,42.7,1.75,3,0
265,42.7,1.75,267.5,42.7,1.75,3,0
267.5,42.7,1.75,270,42.7,1.75,3,0
270,42.7,1.75,272.5,42.7,1.75,3,0
272.5,42.7,1.75,275,42.7,1.75,3,0
275,42.7,1.75,277.5,42.7,1.75,3,0
277.5,42.7,1.75,280,42.7,1.75,3,0
280,42.7,1.75,282.5,42.7,1.75,3,0
282.5,42.7,1.75,285,42.7,1.75,3,0
285,42.7,1.75,287.5,42.7,1.75,3,0
287.5,42.7,1.75,290,42.7,1.75,3,0
290,42.7,1.75,292.5,42.7,1.75,3,0
292.5,42.7,1.75,295,42.7,1.75,3,0
295,42.7,1.75,297.5,42.7,1.75,3,0
297.5,42.7,1.75,300,42.7,1.75,3,0
300,42.7,1.75,302.5,42.7,1.75,3,0
302.5,42.7,1.75,305,42.7,1.75,3,0
305,42.7,1.75,307.5,42.7,1.75,3,0
307.5,42.7,1.75,310,42.7,1.75,3,0
310,42.7,1.75,312.5,42.7,1.75,3,0
312.5,42.7,1.75,315,42.7,1.75,3,0
315,42.7,1.75,317.5,42.7,1.75,3,0
317.5,42.7,1.75,319,42.7,1.75,3,0
