PROYECTO:TESIS-ESCALAMIENTO_DE_SEÑALES_SISMICAS_EN_MUELLES
AUTOR: ING. JUAN CARLOS PANTOJA
ARCHIVO: MUELLE 20:1 - 323
DESCRIPCIÓN: FRAMES DE VIGAS DE BORDE
RECUENTO: 170 ELTOS


-4,0,1.75,-4,3.05,1.75,3,0
-4,3.05,1.75,-4,6.1,1.75,3,0
-4,6.1,1.75,-4,8.4,1.75,3,0
-4,8.4,1.75,-4,10.7,1.75,3,0
-4,10.7,1.75,-4,12.2,1.75,3,0
-4,12.2,1.75,-4,13.7,1.75,3,0
-4,13.7,1.75,-4,16,1.75,3,0
-4,16,1.75,-4,18.3,1.75,3,0
-4,18.3,1.75,-4,21.35,1.75,3,0
-4,21.35,1.75,-4,24.4,1.75,3,0
-4,24.4,1.75,-4,27.45,1.75,3,0
-4,27.45,1.75,-4,30.5,1.75,3,0
-4,30.5,1.75,-4,33.55,1.75,3,0
-4,33.55,1.75,-4,36.6,1.75,3,0
-4,36.6,1.75,-4,38.9,1.75,3,0
-4,38.9,1.75,-4,41.2,1.75,3,0
-4,41.2,1.75,-4,42.7,1.75,3,0
-4,42.7,1.75,-4,44.2,1.75,3,0
-4,44.2,1.75,-4,46.35,1.75,3,0
-4,46.35,1.75,-4,48.7,1.75,3,0
319,0,1.75,319,3.05,1.75,3,0
319,3.05,1.75,319,6.1,1.75,3,0
319,6.1,1.75,319,8.4,1.75,3,0
319,8.4,1.75,319,10.7,1.75,3,0
319,10.7,1.75,319,12.2,1.75,3,0
319,12.2,1.75,319,13.7,1.75,3,0
319,13.7,1.75,319,16,1.75,3,0
319,16,1.75,319,18.3,1.75,3,0
319,18.3,1.75,319,21.35,1.75,3,0
319,21.35,1.75,319,24.4,1.75,3,0
319,24.4,1.75,319,27.45,1.75,3,0
319,27.45,1.75,319,30.5,1.75,3,0
319,30.5,1.75,319,33.55,1.75,3,0
319,33.55,1.75,319,36.6,1.75,3,0
319,36.6,1.75,319,38.9,1.75,3,0
319,38.9,1.75,319,41.2,1.75,3,0
319,41.2,1.75,319,42.7,1.75,3,0
319,42.7,1.75,319,44.2,1.75,3,0
319,44.2,1.75,319,46.35,1.75,3,0
319,46.35,1.75,319,48.7,1.75,3,0
-4,48.7,1.75,-2.5,48.7,1.75,3,0
-2.5,48.7,1.75,0,48.7,1.75,3,0
0,48.7,1.75,2.5,48.7,1.75,3,0
2.5,48.7,1.75,5,48.7,1.75,3,0
5,48.7,1.75,7.5,48.7,1.75,3,0
7.5,48.7,1.75,10,48.7,1.75,3,0
10,48.7,1.75,12.5,48.7,1.75,3,0
12.5,48.7,1.75,15,48.7,1.75,3,0
15,48.7,1.75,17.5,48.7,1.75,3,0
17.5,48.7,1.75,20,48.7,1.75,3,0
20,48.7,1.75,22.5,48.7,1.75,3,0
22.5,48.7,1.75,25,48.7,1.75,3,0
25,48.7,1.75,27.5,48.7,1.75,3,0
27.5,48.7,1.75,30,48.7,1.75,3,0
30,48.7,1.75,32.5,48.7,1.75,3,0
32.5,48.7,1.75,35,48.7,1.75,3,0
35,48.7,1.75,37.5,48.7,1.75,3,0
37.5,48.7,1.75,40,48.7,1.75,3,0
40,48.7,1.75,42.5,48.7,1.75,3,0
42.5,48.7,1.75,45,48.7,1.75,3,0
45,48.7,1.75,47.5,48.7,1.75,3,0
47.5,48.7,1.75,50,48.7,1.75,3,0
50,48.7,1.75,52.5,48.7,1.75,3,0
52.5,48.7,1.75,55,48.7,1.75,3,0
55,48.7,1.75,57.5,48.7,1.75,3,0
57.5,48.7,1.75,60,48.7,1.75,3,0
60,48.7,1.75,62.5,48.7,1.75,3,0
62.5,48.7,1.75,65,48.7,1.75,3,0
65,48.7,1.75,67.5,48.7,1.75,3,0
67.5,48.7,1.75,70,48.7,1.75,3,0
70,48.7,1.75,72.5,48.7,1.75,3,0
72.5,48.7,1.75,75,48.7,1.75,3,0
75,48.7,1.75,77.5,48.7,1.75,3,0
77.5,48.7,1.75,80,48.7,1.75,3,0
80,48.7,1.75,82.5,48.7,1.75,3,0
82.5,48.7,1.75,85,48.7,1.75,3,0
85,48.7,1.75,87.5,48.7,1.75,3,0
87.5,48.7,1.75,90,48.7,1.75,3,0
90,48.7,1.75,92.5,48.7,1.75,3,0
92.5,48.7,1.75,95,48.7,1.75,3,0
95,48.7,1.75,97.5,48.7,1.75,3,0
97.5,48.7,1.75,100,48.7,1.75,3,0
100,48.7,1.75,102.5,48.7,1.75,3,0
102.5,48.7,1.75,105,48.7,1.75,3,0
105,48.7,1.75,107.5,48.7,1.75,3,0
107.5,48.7,1.75,110,48.7,1.75,3,0
110,48.7,1.75,112.5,48.7,1.75,3,0
112.5,48.7,1.75,115,48.7,1.75,3,0
115,48.7,1.75,117.5,48.7,1.75,3,0
117.5,48.7,1.75,120,48.7,1.75,3,0
120,48.7,1.75,122.5,48.7,1.75,3,0
122.5,48.7,1.75,125,48.7,1.75,3,0
125,48.7,1.75,127.5,48.7,1.75,3,0
127.5,48.7,1.75,130,48.7,1.75,3,0
130,48.7,1.75,132.5,48.7,1.75,3,0
132.5,48.7,1.75,135,48.7,1.75,3,0
135,48.7,1.75,137.5,48.7,1.75,3,0
137.5,48.7,1.75,140,48.7,1.75,3,0
140,48.7,1.75,142.5,48.7,1.75,3,0
142.5,48.7,1.75,145,48.7,1.75,3,0
145,48.7,1.75,147.5,48.7,1.75,3,0
147.5,48.7,1.75,150,48.7,1.75,3,0
150,48.7,1.75,152.5,48.7,1.75,3,0
152.5,48.7,1.75,155,48.7,1.75,3,0
155,48.7,1.75,157.5,48.7,1.75,3,0
157.5,48.7,1.75,160,48.7,1.75,3,0
160,48.7,1.75,162.5,48.7,1.75,3,0
162.5,48.7,1.75,165,48.7,1.75,3,0
165,48.7,1.75,167.5,48.7,1.75,3,0
167.5,48.7,1.75,170,48.7,1.75,3,0
170,48.7,1.75,172.5,48.7,1.75,3,0
172.5,48.7,1.75,175,48.7,1.75,3,0
175,48.7,1.75,177.5,48.7,1.75,3,0
177.5,48.7,1.75,180,48.7,1.75,3,0
180,48.7,1.75,182.5,48.7,1.75,3,0
182.5,48.7,1.75,185,48.7,1.75,3,0
185,48.7,1.75,187.5,48.7,1.75,3,0
187.5,48.7,1.75,190,48.7,1.75,3,0
190,48.7,1.75,192.5,48.7,1.75,3,0
192.5,48.7,1.75,195,48.7,1.75,3,0
195,48.7,1.75,197.5,48.7,1.75,3,0
197.5,48.7,1.75,200,48.7,1.75,3,0
200,48.7,1.75,202.5,48.7,1.75,3,0
202.5,48.7,1.75,205,48.7,1.75,3,0
205,48.7,1.75,207.5,48.7,1.75,3,0
207.5,48.7,1.75,210,48.7,1.75,3,0
210,48.7,1.75,212.5,48.7,1.75,3,0
212.5,48.7,1.75,215,48.7,1.75,3,0
215,48.7,1.75,217.5,48.7,1.75,3,0
217.5,48.7,1.75,220,48.7,1.75,3,0
220,48.7,1.75,222.5,48.7,1.75,3,0
222.5,48.7,1.75,225,48.7,1.75,3,0
225,48.7,1.75,227.5,48.7,1.75,3,0
227.5,48.7,1.75,230,48.7,1.75,3,0
230,48.7,1.75,232.5,48.7,1.75,3,0
232.5,48.7,1.75,235,48.7,1.75,3,0
235,48.7,1.75,237.5,48.7,1.75,3,0
237.5,48.7,1.75,240,48.7,1.75,3,0
240,48.7,1.75,242.5,48.7,1.75,3,0
242.5,48.7,1.75,245,48.7,1.75,3,0
245,48.7,1.75,247.5,48.7,1.75,3,0
247.5,48.7,1.75,250,48.7,1.75,3,0
250,48.7,1.75,252.5,48.7,1.75,3,0
252.5,48.7,1.75,255,48.7,1.75,3,0
255,48.7,1.75,257.5,48.7,1.75,3,0
257.5,48.7,1.75,260,48.7,1.75,3,0
260,48.7,1.75,262.5,48.7,1.75,3,0
262.5,48.7,1.75,265,48.7,1.75,3,0
265,48.7,1.75,267.5,48.7,1.75,3,0
267.5,48.7,1.75,270,48.7,1.75,3,0
270,48.7,1.75,272.5,48.7,1.75,3,0
272.5,48.7,1.75,275,48.7,1.75,3,0
275,48.7,1.75,277.5,48.7,1.75,3,0
277.5,48.7,1.75,280,48.7,1.75,3,0
280,48.7,1.75,282.5,48.7,1.75,3,0
282.5,48.7,1.75,285,48.7,1.75,3,0
285,48.7,1.75,287.5,48.7,1.75,3,0
287.5,48.7,1.75,290,48.7,1.75,3,0
290,48.7,1.75,292.5,48.7,1.75,3,0
292.5,48.7,1.75,295,48.7,1.75,3,0
295,48.7,1.75,297.5,48.7,1.75,3,0
297.5,48.7,1.75,300,48.7,1.75,3,0
300,48.7,1.75,302.5,48.7,1.75,3,0
302.5,48.7,1.75,305,48.7,1.75,3,0
305,48.7,1.75,307.5,48.7,1.75,3,0
307.5,48.7,1.75,310,48.7,1.75,3,0
310,48.7,1.75,312.5,48.7,1.75,3,0
312.5,48.7,1.75,315,48.7,1.75,3,0
315,48.7,1.75,317.5,48.7,1.75,3,0
317.5,48.7,1.75,319,48.7,1.75,3,0
